0.000000;0.810854;0.556822;0.092218;0.006107
0.191302;0.985560;0.241874;0.305010;0.035598
0.028088;0.991579;0.220314;0.136771;0.035286
0.079895;0.814029;0.350823;0.161772;0.009730
0.040067;0.988112;0.786479;0.173493;0.024935
0.008970;0.941837;0.755781;0.177330;0.009162
0.028360;0.928639;0.955044;0.172170;0.055598
0.100777;0.995183;0.697736;0.237051;0.000000
0.079129;0.884689;0.856866;0.194660;0.116744
0.001339;0.945512;0.896677;0.126564;0.009645
0.078692;0.953072;0.601585;0.181649;0.076923
0.060157;0.981110;0.736226;0.154261;0.019555
0.109884;0.944321;0.646227;0.180945;0.061231
0.081262;0.963256;0.738990;0.184538;0.021038
0.078805;0.971025;0.632303;0.176852;0.001029
0.146226;0.953491;0.486224;0.245944;0.032435
0.034731;0.959954;0.788514;0.136320;0.040995
0.038652;1.000000;0.873442;0.142124;0.108952
0.012061;0.935603;0.946595;0.080701;0.140486
0.058977;0.920100;0.872581;0.137316;0.000000
0.062006;0.981526;0.735800;0.180681;0.057474
0.016946;0.982294;0.962887;0.122075;0.031208
0.085858;0.946650;0.683418;0.193847;0.000000
0.064157;1.000000;0.191597;0.132299;0.013931
0.233398;0.960520;0.283338;0.328549;0.019281
0.037574;0.924627;0.898292;0.129279;0.037276
0.126552;1.000000;0.561403;0.192877;0.003771
0.080162;1.000000;0.711684;0.167235;0.025027
0.020671;0.905246;0.944122;0.112882;0.000000
0.047692;0.931722;0.766142;0.155289;0.060690
0.053150;0.872297;0.892605;0.167872;0.031617
0.049026;0.947556;0.899964;0.137767;0.022817
0.020958;0.959638;0.891942;0.129033;0.073351
0.002143;0.983667;0.980662;0.090480;0.014202
0.007588;1.000000;0.952955;0.077862;0.007419
0.000000;0.973998;0.927079;0.134928;0.067286
0.095490;1.000000;0.666408;0.219924;0.000000
0.073280;0.963319;0.777536;0.171909;0.059815
0.053289;0.959564;0.181369;0.099602;0.007518
0.051472;0.831401;0.378876;0.147511;0.027423
0.082504;0.819457;0.354305;0.152128;0.026850
0.013341;0.894226;0.885326;0.095170;0.032360
0.011079;0.966450;0.817215;0.088540;0.062986
0.013341;0.880787;0.868362;0.166705;0.039965
0.031197;0.949488;0.869783;0.144442;0.000000
0.000000;0.966630;0.945785;0.093678;0.028270
0.031888;1.000000;0.711380;0.163296;0.050491
0.000000;1.000000;0.847972;0.098141;0.000000
0.110649;0.960987;0.555264;0.260980;0.033582
0.012900;0.979104;0.735932;0.140639;0.036423
0.048558;0.926862;0.891309;0.161522;0.075393
0.160200;0.888721;0.460932;0.269497;0.123780
0.012343;0.968939;0.960907;0.101926;0.029395
0.186560;1.000000;0.261039;0.269842;0.012233
0.133342;0.967983;0.636460;0.237626;0.000000
0.188475;0.987389;0.278284;0.257324;0.068138
0.143945;0.923705;0.406113;0.211912;0.163143
0.149671;0.887618;0.833839;0.263454;0.042533
0.089064;0.882721;0.098587;0.215712;0.000000
0.083375;0.782409;0.748724;0.146712;0.000000
0.013570;0.939755;0.141096;0.167874;0.045293
0.013805;0.965305;0.908160;0.175310;0.000000
0.061044;0.920778;0.680233;0.141886;0.020969
0.079072;0.967182;0.495160;0.212488;0.027798
0.048769;0.817322;0.333187;0.146657;0.000000
0.048922;0.949727;0.860187;0.141747;0.072208
0.108896;1.000000;0.252275;0.283096;0.044957
0.061397;0.932305;0.913483;0.177824;0.017660
0.088016;0.955499;0.630144;0.216686;0.001134
0.206358;1.000000;0.296877;0.328181;0.044253
0.129022;0.974084;0.542954;0.198088;0.046620
0.024306;1.000000;0.745500;0.123852;0.026485
0.044986;0.951392;0.866084;0.151662;0.066277
0.006153;0.973879;0.897091;0.136620;0.043455
0.057597;0.932629;0.979379;0.188769;0.000000
0.025255;0.956188;1.000000;0.128299;0.005748
0.014308;0.985062;0.718114;0.106923;0.016487
0.000000;1.000000;0.971740;0.118372;0.020442
0.000000;0.903473;0.911615;0.119670;0.152431
0.000000;0.922992;0.948647;0.146259;0.033344
0.030428;0.933937;0.970040;0.122993;0.016997
0.000000;1.000000;0.727524;0.130916;0.061917
0.000000;0.979032;0.732607;0.186521;0.000000
0.000000;1.000000;0.935965;0.084635;0.017731
0.001350;1.000000;0.737242;0.108168;0.052661
0.002464;0.916381;0.888982;0.118947;0.092057
0.070550;0.884378;0.371826;0.123954;0.030787
0.020814;0.920616;0.794227;0.112071;0.059877
0.000000;1.000000;0.910426;0.120670;0.000000
0.094309;0.884743;0.312304;0.111339;0.000000
0.108416;1.000000;0.674178;0.187276;0.012626
0.079985;0.906640;0.783446;0.185821;0.001032
0.000000;1.000000;0.879716;0.145719;0.000000
0.087806;0.915921;0.712431;0.188702;0.035336
0.040586;0.968138;0.771527;0.115164;0.000000
0.132388;0.943390;0.528263;0.220869;0.000000
0.013361;0.900377;0.928832;0.096491;0.000000
0.000000;0.941843;0.928433;0.145592;0.039647
0.166236;1.000000;0.336601;0.297003;0.000000
0.075793;0.965760;0.782782;0.151280;0.000000
