0.187455;1.000000;0.326952;0.337386;0.006093
0.238268;1.000000;0.301755;0.293618;0.000000
0.092642;1.000000;0.511280;0.220581;0.000000
0.016273;0.964996;0.888220;0.121821;0.085546
0.055571;0.943986;0.853810;0.215380;0.107959
0.046407;0.968045;0.805348;0.205456;0.000000
0.109654;0.876569;0.807545;0.174475;0.018253
0.004449;0.989444;0.887853;0.140408;0.000000
0.016209;1.000000;0.434592;0.141042;0.034808
0.017225;0.840108;0.968730;0.088950;0.075131
0.134695;0.889493;0.312651;0.200670;0.062819
0.097305;0.951536;0.511002;0.217259;0.086389
0.000094;0.999319;0.693414;0.191142;0.067801
0.000000;0.971762;0.881207;0.168250;0.050245
0.085696;0.874869;0.864183;0.154439;0.000299
0.076828;0.885478;0.751749;0.139148;0.002632
0.000000;0.904896;0.888025;0.102006;0.000000
0.093307;0.924915;0.533039;0.227247;0.020978
0.000000;0.939634;0.750019;0.108885;0.025254
0.099911;0.869636;0.832018;0.226226;0.000000
0.082292;0.801439;0.794624;0.123875;0.050078
0.024406;0.969012;0.400369;0.179244;0.000000
0.135888;1.000000;0.293325;0.240738;0.043525
0.024537;0.943939;0.474840;0.155243;0.093607
0.089690;0.898412;0.260508;0.191136;0.087320
0.025620;0.861164;0.574252;0.110394;0.000000
0.080649;0.986068;0.120982;0.225876;0.027329
0.096276;0.906731;0.331142;0.204585;0.019813
0.140516;0.879559;0.756640;0.218720;0.085578
0.086806;0.998530;0.161307;0.236918;0.066467
0.020591;0.906648;0.957972;0.135596;0.000000
0.155939;0.896849;0.366790;0.227443;0.081323
0.000000;0.949956;0.867976;0.128826;0.010084
0.188219;0.939357;0.444478;0.252233;0.005195
0.000000;0.841436;0.330279;0.084061;0.051082
0.025830;0.919818;0.905601;0.078351;0.000000
0.160852;1.000000;0.243979;0.310956;0.033657
0.121832;0.901267;0.366273;0.195843;0.112104
0.044733;0.925310;0.545189;0.155233;0.000000
0.037047;0.954121;0.734291;0.149943;0.016538
0.086463;0.987663;0.442415;0.198723;0.005413
0.142090;0.985369;0.353724;0.212983;0.065324
0.128193;0.920842;0.432132;0.305106;0.045234
0.084902;0.895385;1.000000;0.160042;0.046571
0.000000;0.999211;0.911513;0.160056;0.013097
0.065989;0.980663;0.096808;0.184595;0.053236
0.102329;0.902407;0.359540;0.198170;0.116309
0.000000;0.972118;0.108034;0.172651;0.040448
0.000000;0.966207;0.527201;0.131967;0.055663
0.036070;0.954157;0.113091;0.105993;0.032343
0.090313;0.971278;0.451438;0.184245;0.000000
0.012951;1.000000;0.364744;0.169660;0.010495
0.042468;0.910904;0.306269;0.157565;0.078946
0.033121;1.000000;0.482753;0.143978;0.000000
0.178653;1.000000;0.000000;0.111061;0.055120
0.000000;0.934994;0.478982;0.120239;0.036163
0.000000;0.976255;0.101350;0.108552;0.119266
0.024250;0.940262;0.241220;0.087980;0.085130
0.081087;0.982556;0.860856;0.124746;0.041262
0.059747;0.933702;0.970441;0.120928;0.030474
0.202588;0.988897;0.185916;0.333759;0.019558
0.081626;0.982031;0.468025;0.291275;0.096789
0.118631;0.886937;0.954991;0.176767;0.140983
0.182511;0.957777;0.504417;0.286590;0.083770
0.113005;0.872674;0.815375;0.216106;0.022911
0.010526;0.965858;0.880245;0.133637;0.010609
0.011153;0.983023;0.780704;0.103571;0.124400
0.057687;1.000000;0.159211;0.203560;0.073143
0.000000;0.922440;0.900481;0.166538;0.005769
0.074868;0.959234;0.859390;0.110568;0.000000
0.031719;0.926183;0.925532;0.178209;0.000000
0.056034;1.000000;0.858780;0.130548;0.000000
0.048850;0.992291;0.757429;0.103086;0.036202
0.124610;0.946874;0.811533;0.176795;0.016257
0.023601;0.954774;0.655670;0.122334;0.037209
0.040230;0.938016;0.621838;0.157667;0.000000
0.051584;1.000000;0.811849;0.164294;0.000000
0.000000;0.938645;0.705978;0.123322;0.054134
0.040883;0.902806;0.943810;0.135411;0.022065
0.160069;0.841770;0.363790;0.253882;0.069293
0.000000;0.992475;0.730871;0.124325;0.061509
0.115894;0.907028;0.429153;0.194883;0.113147
0.009356;0.984439;0.913172;0.173050;0.036910
0.008469;1.000000;0.786264;0.144394;0.087709
0.055975;0.955800;0.912918;0.144570;0.020025
0.112010;0.877310;0.306932;0.221306;0.011914
0.046734;0.950218;0.640675;0.190919;0.000000
0.020384;0.978746;0.429842;0.151191;0.097803
0.035460;0.940104;0.690522;0.126367;0.025109
0.079944;0.996765;0.478525;0.218335;0.041839
0.000000;0.886397;0.900447;0.135558;0.051637
0.160482;1.000000;0.305990;0.293925;0.021213
0.046607;0.870595;0.851979;0.153290;0.010041
0.123129;0.863057;0.869849;0.253925;0.000000
0.029520;0.996113;0.864798;0.139773;0.040342
0.046396;1.000000;0.838672;0.168961;0.021043
0.163862;1.000000;0.234128;0.282600;0.018122
0.128418;0.890714;0.295245;0.231920;0.089474
0.033566;0.963857;0.411943;0.147479;0.083246
0.022579;0.970117;0.862960;0.093703;0.036504
