0.000000;0.890510;0.000000;0.203303;0.000000
0.072162;0.911028;0.009530;0.234181;0.080483
0.067848;0.919974;0.000000;0.147628;0.000000
0.304443;0.786871;0.605576;0.000000;0.006217
0.443878;0.832085;0.109450;0.012915;0.150058
0.055323;0.866728;0.576269;0.000000;0.038348
0.106853;0.804608;0.836493;0.153923;0.021844
0.858374;0.438821;0.783374;0.062221;0.000000
0.273237;0.739385;0.639150;0.066040;0.003466
0.353622;0.721336;0.014001;0.045128;0.088554
0.107590;0.777496;0.467355;0.000000;0.000000
0.000000;1.000000;0.543435;0.206701;0.067445
0.466623;0.739790;0.089519;0.043703;0.083775
0.155558;0.763184;1.000000;0.019635;0.091166
0.139883;0.722800;0.784782;0.068721;0.000000
0.107927;1.000000;0.076866;0.149435;0.041668
0.488222;0.491646;0.238701;0.173161;0.000000
0.019469;0.939308;0.378760;0.167675;0.008379
0.098676;1.000000;0.006733;0.089632;0.151946
0.470178;0.537626;0.177537;0.222789;0.000000
0.053283;0.552863;0.699489;0.048536;0.361185
0.396214;0.782214;0.000000;0.000000;0.172813
0.263643;0.903583;0.493839;0.016294;0.000000
0.000000;0.906894;0.679060;0.024937;0.090074
0.176470;0.730555;0.949309;0.018112;0.178809
0.029098;1.000000;0.382007;0.052158;0.000000
0.013087;0.569945;0.836258;0.018822;0.269793
0.160715;0.780827;0.524812;0.040276;0.000000
0.000000;0.935571;0.030109;0.183255;0.113129
0.076413;0.901701;0.601354;0.000000;0.000000
0.056658;0.969628;0.560617;0.112914;0.009928
0.195357;0.944924;0.871984;0.000000;0.060733
0.982310;0.213298;1.000000;0.211082;0.069042
0.000000;0.735257;0.788441;0.109034;0.071853
0.211599;0.684378;0.244881;0.004535;0.159100
0.038150;1.000000;0.647806;0.000000;0.000000
0.340827;0.645762;0.174934;0.130709;0.000000
0.040404;1.000000;0.288406;0.088654;0.003074
0.322338;0.632085;0.094297;0.169373;0.030580
0.095456;0.756439;0.000000;0.226502;0.121757
0.282483;0.621551;0.077146;0.095295;0.110853
0.216866;0.812093;0.529781;0.000000;0.049594
0.072157;0.996774;0.096979;0.118022;0.060632
0.055858;0.896331;0.084145;0.018009;0.255797
0.258900;0.805850;0.451175;0.155742;0.066389
0.375615;0.746578;0.069771;0.173204;0.047810
0.029838;0.784947;0.425966;0.146722;0.086348
0.859642;0.231022;0.845300;0.000000;0.008428
0.000000;0.589312;0.960409;0.000000;0.378653
0.095754;0.781371;0.918554;0.127285;0.067653
0.306373;0.649021;0.068474;0.048104;0.122206
0.148474;0.806765;0.920156;0.068437;0.025307
0.240823;0.552535;0.842880;0.000000;0.004885
0.307445;0.841776;0.314468;0.016778;0.126053
0.229899;0.746657;0.428227;0.191405;0.053323
0.409942;0.544387;0.077255;0.261527;0.025235
0.000000;0.941721;0.645239;0.119852;0.034910
0.163811;0.799487;0.251425;0.000000;0.019727
0.054540;0.843342;0.698732;0.029789;0.169348
0.000000;0.802263;1.000000;0.000000;0.006826
0.258809;0.919315;0.175190;0.034905;0.068030
0.285178;0.773962;0.715884;0.000000;0.027234
0.094957;0.884352;0.269679;0.000000;0.189470
0.049171;1.000000;0.078417;0.210213;0.034667
0.177669;0.781195;0.050661;0.226463;0.147608
0.264491;0.710542;0.005259;0.109490;0.095922
0.190526;0.713933;0.129514;0.028499;0.000000
0.283944;0.916148;0.335270;0.030569;0.052283
0.136381;0.594949;0.844382;0.133908;0.054118
0.303974;0.782745;0.037984;0.020958;0.097628
0.349574;0.776362;0.559735;0.000000;0.018246
0.339065;0.684008;0.361862;0.055815;0.000000
0.096131;1.000000;0.391384;0.112606;0.093862
0.378165;0.568944;0.732881;0.046979;0.000000
0.000000;0.778798;0.465258;0.107555;0.000000
0.299358;0.936880;0.026084;0.128863;0.072026
0.187571;0.805306;0.265516;0.019941;0.014821
0.057958;0.991552;0.662265;0.045620;0.000000
0.394884;0.589083;0.089681;0.058762;0.189792
0.369680;0.934318;0.733561;0.126310;0.119790
0.063041;0.819283;0.105915;0.291675;0.051461
0.496287;0.872764;0.184706;0.072467;0.017099
0.346005;0.671130;0.096322;0.069817;0.247933
0.030353;0.911802;0.007626;0.152724;0.158002
0.021424;0.762387;0.789693;0.043837;0.039872
0.297002;0.767302;0.183338;0.000000;0.229227
0.094323;0.808604;1.000000;0.000000;0.160081
0.000000;0.665819;0.818665;0.119071;0.262474
0.183497;0.859212;0.279857;0.000000;0.049806
0.440018;0.714297;0.000000;0.033915;0.099375
0.000000;0.946919;0.613285;0.047371;0.011250
0.234034;0.646829;0.206053;0.073428;0.061659
0.000000;1.000000;0.439889;0.015113;0.030450
0.488264;0.579821;0.051149;0.137086;0.016714
0.300984;0.633588;0.120855;0.023279;0.088974
0.000000;0.950228;0.067120;0.037287;0.164085
0.038812;0.820876;0.801302;0.240359;0.054785
0.182055;0.661045;0.836666;0.010260;0.035367
0.134386;1.000000;0.401622;0.006929;0.000000
0.030238;0.735136;0.971505;0.112424;0.141314
