0.522188;0.212594;0.893312;0.348298;0.497183
0.000000;0.299678;0.908092;0.000000;0.807621
0.333280;0.103021;0.733105;0.192992;0.577846
0.095764;0.372529;0.612691;0.000000;0.748356
0.127631;0.626791;0.108241;0.000000;0.637711
0.248525;0.650159;0.773560;0.000000;0.000000
0.046670;0.835624;0.599281;0.122961;0.127429
0.463984;0.610494;0.546200;0.109384;0.671800
0.382046;0.779895;0.218646;0.095474;0.000000
0.640888;0.647450;0.187116;0.195981;0.182446
0.245321;0.725702;0.223724;0.000000;0.360204
0.121093;1.000000;0.275568;0.079005;0.529175
0.219626;0.549011;0.276850;0.141030;0.535114
0.000000;1.000000;0.870153;0.106904;0.000000
0.099313;0.762834;0.581063;0.249378;0.000000
0.000000;0.660485;0.428452;0.000000;0.602841
0.041611;0.809280;0.692758;0.000000;0.000000
0.000000;0.953818;0.879147;0.117222;0.276865
0.282427;0.665915;0.401132;0.546167;0.000000
0.085143;0.890997;0.494382;0.279763;0.085359
0.528270;0.390482;0.546536;0.000000;0.103639
0.000000;0.755207;0.318678;0.000000;0.555604
0.000000;0.549106;0.888195;0.000000;0.055034
0.000000;0.879886;0.730365;0.164249;0.249825
0.461720;0.678767;0.000000;0.135038;0.363232
0.198185;0.770863;0.101159;0.000000;0.132836
0.422922;0.533186;0.061980;0.299990;0.000000
0.000000;0.857449;0.513726;0.186391;0.627167
0.385280;0.579292;0.034768;0.007326;0.167231
0.600216;0.679149;0.615944;0.000000;0.000000
0.070569;0.583426;0.420751;0.273420;0.000000
0.583622;0.554152;0.774584;0.000000;0.000000
0.567789;0.000000;0.910138;0.140364;0.308714
1.000000;0.155444;0.476740;0.266459;0.084273
0.791227;0.127153;0.485134;0.124240;0.351887
0.158340;0.582606;0.103637;0.150917;0.340395
0.303337;0.612059;1.000000;0.042392;0.053900
0.173603;0.836750;0.006636;0.086776;0.698734
0.135050;0.768583;0.785018;0.059326;0.085310
1.000000;0.464941;0.000000;0.175218;0.194302
0.398182;0.475110;0.496532;0.000000;0.000000
0.476943;0.031164;0.818438;0.360570;0.101023
0.451633;0.344331;0.544843;0.092221;0.545112
0.364565;0.486343;0.432208;0.058939;0.349264
0.782577;0.250402;0.000000;0.161523;0.132501
0.734033;1.000000;0.185783;0.089769;0.000000
0.200441;0.676724;0.340206;0.175698;0.704759
0.686279;0.903033;0.253538;0.227566;0.000000
0.000000;0.432145;1.000000;0.000000;0.318955
0.342081;0.865056;0.174306;0.133723;0.226991
0.202659;0.917485;0.460666;0.000000;0.267899
0.179546;0.882664;0.837482;0.445835;0.193277
0.922393;0.305399;0.568568;0.000000;0.186442
0.372897;0.796733;0.930443;0.000000;0.142792
0.313676;0.531506;0.724906;0.060336;0.286367
0.839086;0.232390;0.371573;0.203715;0.249974
0.136830;0.584426;0.221003;0.105452;0.546813
0.550754;0.541928;0.385103;0.000000;0.453475
0.404044;0.379562;0.000000;0.093581;0.478902
0.673958;0.893456;0.284213;0.051850;0.184499
0.402324;0.673762;0.337040;0.207487;0.741164
0.000000;0.917306;0.591609;0.313259;0.000000
0.401921;0.681346;0.256793;0.483814;0.062720
0.611907;0.734304;0.256133;0.527357;0.084234
1.000000;0.000000;0.519471;0.138421;0.175891
0.520816;0.443058;0.475474;0.453085;0.000000
0.557755;0.000000;0.280893;0.000000;1.000000
0.497191;0.285799;0.438200;0.000000;0.297104
0.627755;0.086722;0.017918;0.212983;0.341973
0.855138;0.255915;0.024426;0.226264;0.071490
0.060132;1.000000;0.112603;0.192001;0.477689
0.576096;0.578371;0.084888;0.115433;0.561267
0.848519;0.173834;0.000000;0.177037;0.627569
0.095923;0.918588;0.203910;0.097695;0.293288
0.631617;0.521036;0.287696;0.048381;0.518129
0.357803;0.922206;0.032549;0.000000;0.181272
0.000000;0.379608;0.861626;0.000000;0.929380
0.571722;0.439574;0.608052;0.031717;0.119910
0.100959;0.912230;0.493672;0.208206;0.063758
0.141911;0.622636;0.789232;0.068532;0.549427
0.624476;1.000000;0.000000;0.041534;0.576098
0.884086;0.103511;0.573117;0.220571;0.117685
0.158093;0.730143;0.287134;0.469203;0.183372
0.000000;1.000000;0.283772;0.284879;0.000000
0.348205;1.000000;0.211963;0.365340;0.000000
0.113009;0.450597;0.665530;0.151208;0.128823
0.262832;0.390486;0.000000;0.000000;0.396822
0.580282;0.846457;0.749689;0.118064;0.062576
0.534865;0.584027;0.923032;0.021696;0.000000
0.190524;0.627790;0.125169;0.114767;0.192045
0.450779;0.605894;0.000000;0.444405;0.128476
0.576384;0.798446;0.303163;0.000000;0.263088
0.433635;0.956771;0.000000;0.210970;0.000000
0.000000;0.613756;0.006259;0.371419;0.040676
0.089614;1.000000;0.000000;0.000000;0.000000
0.114744;0.857625;0.552223;0.327309;0.000000
0.545282;0.947179;0.520521;0.275202;0.000000
0.568956;0.889535;0.443141;0.194618;0.196000
0.579533;0.462905;0.000000;0.000000;0.361868
0.674711;0.766546;0.000000;0.233251;0.413677
