4;0.145345;0.774633;0.626097;0.002103;0.041620
4;0.026304;0.900369;0.467057;0.149004;0.000000
3;0.899815;0.218658;0.908386;0.074789;0.000000
3;0.000000;1.000000;0.072937;0.170836;0.240530
2;0.211446;0.853909;0.039915;0.000000;0.022057
2;0.000000;0.685187;0.769414;0.195982;0.000000
2;0.000000;0.740770;1.000000;0.086773;0.096928
2;0.233382;0.636694;0.459767;0.099411;0.102278
2;0.230244;0.762403;0.115702;0.028843;0.180128
2;0.186275;0.814732;0.480234;0.035121;0.000000
2;0.241477;0.808943;0.250319;0.004764;0.075642
2;0.000000;0.728247;0.927387;0.020412;0.044517
2;0.010314;1.000000;0.719261;0.000000;0.000000
2;0.000000;0.947520;0.475707;0.110076;0.080000
2;0.392325;0.669265;0.082785;0.058956;0.081511
2;0.826152;0.394761;0.877477;0.000000;0.000000
2;0.295912;0.529683;0.965538;0.136837;0.031154
2;0.129147;0.955588;0.064054;0.000000;0.021921
2;0.356339;0.911533;0.621515;0.024757;0.170077
2;0.000000;0.897746;0.907013;0.145365;0.224380
2;0.223951;0.825397;0.782547;0.000000;0.024834
2;0.466745;0.553213;0.191337;0.213773;0.039730
2;0.451421;0.725471;0.114204;0.142662;0.000000
2;0.000000;0.490270;0.970071;0.070211;0.297184
2;0.450516;0.552716;0.061255;0.234118;0.000000
2;0.023328;1.000000;0.327928;0.137616;0.000000
2;0.130710;0.866172;0.000000;0.277718;0.000000
2;0.000000;0.723210;0.700011;0.113704;0.059489
2;0.000000;0.768806;0.985623;0.172095;0.001958
2;0.185368;0.877487;0.188369;0.000000;0.000000
2;0.000000;1.000000;0.420286;0.104867;0.000000
2;0.073249;0.752599;0.957824;0.005805;0.118223
2;0.000000;0.757016;1.000000;0.091552;0.065509
1;0.091076;0.910113;0.313014;0.049209;0.144218
1;0.338861;0.670075;0.095569;0.126392;0.063240
1;0.019409;0.830772;1.000000;0.165541;0.015994
1;0.045401;1.000000;0.179197;0.208613;0.067794
1;0.393595;0.766401;0.233769;0.043590;0.000421
1;0.072860;0.982412;0.761624;0.028579;0.052388
1;0.361779;0.810145;0.076716;0.002419;0.000000
1;0.035802;1.000000;0.000000;0.064571;0.091164
1;0.000000;1.000000;0.070153;0.042119;0.133013
1;0.000000;1.000000;0.463193;0.173205;0.020300
1;0.151729;0.826004;0.072490;0.260954;0.063271
1;0.059386;0.459003;0.924762;0.095898;0.317673
1;0.264821;0.996045;0.170369;0.058282;0.239796
1;0.338844;0.667063;0.047482;0.095996;0.208698
1;0.834986;0.436418;0.716516;0.000000;0.000000
1;0.148949;0.790981;0.187409;0.227628;0.067999
1;0.000000;1.000000;0.000000;0.006525;0.148585
1;0.180292;0.876357;0.791732;0.104563;0.000000
1;0.008421;0.917241;0.038827;0.055090;0.045352
1;0.249236;0.741630;0.298920;0.030260;0.049414
1;0.000000;0.787850;0.803196;0.158355;0.051379
1;0.221967;0.788512;0.868790;0.045041;0.170277
1;0.140778;0.762767;0.847662;0.000299;0.000000
1;0.273411;0.793225;0.145206;0.052018;0.135403
1;0.184651;0.886464;0.342373;0.057689;0.000000
1;0.300799;0.894784;0.066491;0.035039;0.095689
1;0.000000;0.822962;0.263576;0.027274;0.190426
1;0.112890;0.694945;0.939551;0.000000;0.123890
1;0.000000;0.707520;0.952195;0.041511;0.164683
1;0.194954;0.641949;0.813786;0.040898;0.082358
1;0.835059;0.450969;0.879004;0.000000;0.093139
1;0.000000;0.647331;0.770060;0.038895;0.294276
1;0.299994;0.745618;0.075463;0.170995;0.006479
1;0.071416;0.920517;0.062479;0.058712;0.101753
1;0.187437;0.662973;1.000000;0.000000;0.000000
1;0.000000;0.677863;0.868384;0.077755;0.204616
1;0.305161;0.815739;0.000000;0.000000;0.124182
1;0.325639;0.548324;0.302313;0.232215;0.000000
1;0.381766;0.629873;0.717831;0.052755;0.057386
1;0.274670;1.000000;0.054740;0.000000;0.193613
1;0.296485;0.919186;0.339836;0.000000;0.036414
1;0.145997;0.690047;0.144100;0.222002;0.176226
1;0.105319;0.791569;0.598903;0.083424;0.058533
1;0.301000;0.769734;0.627933;0.025206;0.000000
1;0.108519;0.793093;0.685609;0.060055;0.000000
1;0.214221;0.782814;0.481457;0.073208;0.000000
1;0.000000;1.000000;0.054886;0.180639;0.000000
1;0.157110;0.997615;0.195144;0.050514;0.052080
1;0.318740;0.575440;0.070373;0.309036;0.000000
1;0.735662;0.456963;0.898179;0.069537;0.047655
1;0.061342;0.939429;0.001337;0.013675;0.169279
1;0.186781;0.802113;0.373289;0.080709;0.012653
1;0.000000;0.976526;0.743773;0.068900;0.000000
1;0.224593;0.826439;0.918832;0.009041;0.085145
1;0.360683;0.793286;0.000000;0.000000;0.081305
1;0.052069;1.000000;0.471519;0.144860;0.050353
1;0.136192;0.705259;0.852255;0.068145;0.000000
1;0.002585;1.000000;0.564144;0.087685;0.075864
1;0.044114;0.500464;1.000000;0.179753;0.100090
1;0.277368;0.591396;0.758370;0.000000;0.000000
1;0.440760;0.772330;0.140769;0.064375;0.202339
1;0.146849;0.663460;0.413336;0.180567;0.037861
1;0.232688;0.760896;0.222471;0.000000;0.000000
1;0.261747;0.799818;0.593224;0.155379;0.000000
1;0.434583;0.748921;0.098517;0.087984;0.005456
1;0.147964;0.798101;0.497025;0.014366;0.000000
1;0.193438;0.719728;0.222722;0.113486;0.029056
1;0.289084;1.000000;0.146773;0.000000;0.036842
1;0.130142;0.826929;0.744039;0.069934;0.000000
1;0.255711;0.915839;0.251969;0.056320;0.021901
1;0.000000;0.737025;0.981206;0.171771;0.063145
1;0.845264;0.465785;0.000000;0.070208;0.039461
1;0.112688;0.750541;0.728798;0.064924;0.060606
1;0.271814;0.863129;0.052907;0.052008;0.000000
1;0.835572;0.230027;0.867129;0.021537;0.000000
1;0.000000;0.626308;0.859625;0.054135;0.090592
1;0.395754;0.610398;0.000000;0.225490;0.000000
1;0.089296;0.864334;0.971977;0.192786;0.079486
1;0.145709;1.000000;0.731145;0.032388;0.070908
1;0.085639;0.802439;0.688188;0.013503;0.040718
1;0.164356;0.683895;0.594332;0.045670;0.023614
1;0.308386;0.702106;0.874020;0.000000;0.000000
1;0.248324;0.711398;0.000000;0.206177;0.000000
1;0.257404;0.615704;0.724117;0.000000;0.032359
1;0.413924;0.714664;0.752787;0.028994;0.000000
1;0.345576;0.621863;0.100949;0.176848;0.002237
1;0.057246;0.803886;0.180424;0.176929;0.084142
1;0.059950;0.927963;0.810291;0.190917;0.000000
1;0.125336;0.905804;0.266261;0.000000;0.084019
1;0.181100;0.766462;0.815531;0.000000;0.093146
1;0.346853;0.648082;0.012258;0.073038;0.144562
1;0.821903;0.423761;0.893899;0.037631;0.000000
1;0.007954;0.914587;0.613313;0.000000;0.041570
1;0.166793;0.688099;1.000000;0.000000;0.000000
1;0.113354;0.978980;0.207040;0.000000;0.000000
1;0.219579;0.752277;0.086826;0.000000;0.068334
1;0.245867;0.821565;0.255089;0.079307;0.000000
1;0.180153;0.778245;0.918591;0.000000;0.000000
1;0.213339;0.825934;0.106940;0.000000;0.105281
1;0.229263;0.736821;0.095070;0.225865;0.004798
1;0.383613;0.598329;0.775194;0.000000;0.101862
1;0.025014;1.000000;0.813838;0.168454;0.000000
1;0.052357;0.934604;0.024144;0.091858;0.256260
1;0.177065;0.675084;0.400954;0.130911;0.000000
1;0.000000;1.000000;0.000000;0.055360;0.160710
1;0.293688;0.664169;0.105481;0.000000;0.105899
1;0.442871;0.701274;0.338553;0.017791;0.063125
1;0.000000;0.802883;0.823188;0.062268;0.000000
1;0.269093;0.916453;0.220350;0.016529;0.000000
1;0.033806;0.668635;0.746133;0.023962;0.200291
1;0.056216;0.615528;0.808571;0.075489;0.140665
1;0.060409;0.707715;1.000000;0.000000;0.076533
1;0.033956;0.827668;0.292102;0.003039;0.145087
1;0.067901;0.824230;0.167973;0.110207;0.013583
1;0.111605;0.811725;0.651923;0.086574;0.011277
1;0.000000;0.945318;0.180621;0.115955;0.092990
1;0.038841;0.936459;0.000000;0.063650;0.000000
1;0.174682;0.910887;0.193678;0.033567;0.000000
1;0.000000;0.817480;0.727876;0.086746;0.093595
1;0.685860;0.223984;0.281970;0.197034;0.221298
1;0.359958;0.853562;0.145173;0.000000;0.116541
1;0.000000;0.855589;0.589166;0.000000;0.067004
1;0.124056;0.920782;0.835589;0.000000;0.050828
1;0.330998;0.557408;0.703591;0.000000;0.000000
1;0.373880;0.480037;0.151431;0.311093;0.046225
1;0.000000;1.000000;0.973661;0.047900;0.027447
1;0.316511;0.762052;0.212264;0.048262;0.000000
1;0.331569;0.682885;0.046754;0.180867;0.000000
1;0.914428;0.195710;0.927842;0.152950;0.070575
1;0.016989;0.825915;0.741865;0.147701;0.009660
1;0.123934;0.955421;0.101240;0.000000;0.007904
1;0.402374;0.798793;0.000000;0.092597;0.025856
1;0.036078;0.756296;0.965401;0.123029;0.098803
1;0.521838;0.831902;0.663871;0.012678;0.072863
1;0.110071;0.795033;0.696201;0.000000;0.000000
1;0.370910;0.647755;0.696624;0.000000;0.077775
1;0.086085;0.861812;0.010167;0.108767;0.196526
1;0.817955;0.496979;0.000000;0.075787;0.068277
1;0.000000;0.966992;0.560171;0.084013;0.000000
1;0.238991;0.650129;0.592113;0.000000;0.000000
1;0.156429;0.887361;0.171379;0.031575;0.108661
1;0.235145;0.877033;0.290066;0.000000;0.000000
1;0.340391;0.926192;0.016114;0.015644;0.030421
1;0.000000;0.906427;0.001602;0.081629;0.224435
1;0.023132;0.786107;0.482284;0.161136;0.023087
1;0.000000;0.671841;0.815425;0.022790;0.166145
1;0.187643;0.720669;0.588080;0.000000;0.221427
1;0.000000;0.725594;0.747486;0.000000;0.399233
1;0.290788;0.816340;0.204457;0.094673;0.000000
1;0.456114;0.829025;0.263249;0.009794;0.053544
1;0.000000;1.000000;0.000000;0.095217;0.074785
1;0.196251;0.783037;1.000000;0.092909;0.000000
1;0.358574;0.737557;0.138075;0.000000;0.068901
1;0.003374;0.971045;0.072727;0.076356;0.071858
1;0.180100;0.775365;0.826281;0.000000;0.000000
1;0.500779;0.693014;0.000000;0.113992;0.071848
1;0.148807;1.000000;0.034367;0.098809;0.000000
1;0.371259;0.591151;0.783376;0.101719;0.071633
1;0.249264;0.912406;0.231751;0.037755;0.000000
1;0.200300;0.831822;0.739302;0.000000;0.000000
1;0.263007;0.925817;0.046199;0.036378;0.101119
1;0.350779;0.701058;0.115762;0.172278;0.110937
1;0.211854;0.837366;0.141294;0.009102;0.095999
1;0.212579;0.910096;0.043146;0.000000;0.088676
1;0.183910;0.826008;0.476141;0.113209;0.000000
1;0.211694;0.694278;0.901582;0.000000;0.014363
1;0.292475;0.575952;0.848889;0.022868;0.000000
1;0.086807;0.810076;0.842181;0.005081;0.017574
1;0.000000;1.000000;0.820367;0.081689;0.000000
1;0.000000;0.911701;0.926042;0.083154;0.000000
1;0.196976;0.919899;0.294113;0.084545;0.000000
1;0.258375;0.781690;0.949035;0.000000;0.053962
1;0.384271;0.737227;0.020011;0.176344;0.000000
1;0.398748;0.871820;0.296271;0.000000;0.000000
1;0.242880;0.953994;0.037516;0.000000;0.055149
1;0.283586;0.678371;0.737832;0.000000;0.000000
1;0.090345;0.951561;0.000000;0.146122;0.047488
1;0.357699;0.844517;0.081420;0.016932;0.218234
1;0.000000;0.933657;0.000000;0.149277;0.026183
1;0.252369;0.823624;0.135562;0.000000;0.030833
1;0.000000;0.969826;0.656144;0.000000;0.072812
1;0.207417;0.715801;0.588610;0.000000;0.062416
1;0.370099;0.623068;0.104808;0.149705;0.193012
