3;0.100786;0.929796;0.502015;0.188955;0.098340
3;0.163568;0.937388;0.390044;0.234202;0.087394
2;0.013619;0.891386;0.993292;0.112580;0.016095
2;0.086898;0.966986;0.487273;0.185350;0.026496
2;0.941322;0.491265;0.061084;0.061215;0.000000
2;0.749411;0.469714;0.609593;0.000000;0.000000
2;0.199050;0.844919;0.576570;0.000000;0.056640
2;0.335893;0.877165;0.055605;0.000000;0.064844
2;0.469742;0.854810;0.000000;0.000000;0.024284
2;0.000000;1.000000;0.150959;0.062259;0.106951
2;0.145631;0.831061;0.410436;0.000000;0.195707
2;0.200027;1.000000;0.263559;0.000000;0.000000
2;0.904011;0.437468;0.261300;0.020265;0.041164
2;0.331722;0.750203;0.601822;0.009578;0.039509
2;0.081248;0.858991;0.478349;0.207081;0.129200
2;0.288514;0.884077;0.451294;0.002082;0.008252
2;0.066942;1.000000;0.002922;0.037465;0.154447
2;0.719890;0.619319;0.019079;0.062266;0.010966
2;0.139389;0.863407;0.454044;0.115600;0.000000
2;0.030693;0.752218;0.937122;0.125203;0.009987
2;0.366816;0.788709;0.109384;0.048076;0.045483
2;0.330355;0.735375;0.000000;0.141147;0.118280
2;0.068378;0.931137;0.032140;0.084122;0.174179
2;0.207689;0.807299;0.274939;0.052116;0.132734
2;0.273486;0.815769;0.431871;0.031245;0.000000
2;0.300699;0.793416;0.490530;0.036553;0.006792
2;0.216767;0.878552;0.500145;0.000000;0.106314
1;0.268065;0.883171;0.594723;0.000000;0.027843
1;0.680339;0.516971;0.619989;0.000000;0.005069
1;0.229303;0.894228;0.398820;0.000000;0.139935
1;0.976912;0.787309;0.088603;0.000000;0.061972
1;0.811421;0.477147;0.252780;0.046533;0.075169
1;0.310601;0.824153;0.623738;0.016494;0.028826
1;0.981279;0.039339;0.129522;0.026961;0.585039
1;0.133141;0.888412;0.422137;0.211710;0.122122
1;0.111737;0.765147;0.503622;0.087317;0.000000
1;0.918033;0.367874;0.095794;0.004110;0.000000
1;0.183520;0.746480;0.476353;0.000000;0.010962
1;0.805228;0.368124;0.381518;0.000000;0.023264
1;1.000000;0.353991;0.000000;0.000000;0.015713
1;0.354912;0.702249;0.089788;0.000000;0.032758
1;0.078289;0.661271;0.167744;0.073700;0.252346
1;0.718531;0.406015;0.215583;0.062141;0.066257
1;0.635430;0.520996;0.020821;0.029600;0.050503
1;0.988015;0.523058;0.000000;0.006926;0.140958
1;1.000000;0.602757;0.000000;0.002676;0.094257
1;0.071131;0.972322;0.646707;0.140743;0.037412
1;0.010116;0.948931;0.866995;0.189906;0.088342
1;0.170790;0.858549;0.494971;0.000000;0.238191
1;1.000000;0.649402;0.000000;0.000000;0.073778
1;0.109066;0.986971;0.491394;0.189175;0.063768
1;0.974519;0.442124;0.014477;0.004132;0.000000
1;0.434267;0.747471;0.000000;0.085105;0.005836
1;0.906777;0.461927;0.081331;0.000000;0.029208
1;0.127987;0.833614;0.496018;0.021073;0.053170
1;0.881307;0.374564;0.354010;0.000000;0.037774
1;0.073876;0.915154;0.304008;0.000000;0.080546
1;0.549852;0.711748;0.000000;0.000000;0.039693
1;0.197751;0.946455;0.185106;0.024146;0.000000
1;0.067516;1.000000;0.007366;0.000000;0.104171
1;0.750009;0.634662;0.076466;0.000000;0.048847
1;0.140850;0.969718;0.319977;0.000000;0.000000
1;0.775406;0.411908;0.296443;0.038104;0.082912
1;0.612028;0.614840;0.037301;0.000000;0.098623
1;0.073224;0.964162;0.131391;0.043778;0.110014
1;0.498786;0.797411;0.297968;0.035263;0.110574
1;0.183762;0.907048;0.305334;0.056946;0.000000
1;0.922571;0.459997;0.000000;0.000000;0.055985
1;0.092186;0.959831;0.006232;0.023710;0.154632
1;0.951586;0.000000;0.222390;0.047775;0.664191
1;0.179827;0.945340;0.207013;0.000000;0.038157
1;0.907900;0.198518;0.201986;0.026766;0.312027
1;0.168810;0.744911;0.387999;0.048775;0.007897
1;0.352691;0.754119;0.000000;0.000000;0.020545
1;0.677512;0.344692;0.292636;0.034223;0.190834
1;0.993233;0.400273;0.003405;0.000000;0.040543
1;0.141281;0.727184;0.509210;0.066680;0.000000
1;0.388519;0.729592;0.075514;0.002755;0.088673
1;0.065413;0.707536;0.201934;0.069208;0.169844
1;0.134882;0.698465;0.894187;0.000000;0.062252
1;0.666069;0.624573;0.053274;0.000000;0.023864
1;0.113277;0.956543;0.329920;0.000000;0.006715
1;0.733718;0.400570;0.410813;0.099015;0.000000
1;0.651807;0.501449;0.614289;0.009985;0.000000
1;0.084912;0.849223;0.380252;0.110125;0.000000
1;0.021880;0.979138;0.194938;0.032638;0.004880
1;0.581654;0.613786;0.093986;0.068446;0.000000
1;0.129870;0.824236;0.397612;0.023427;0.000000
1;0.136984;0.831648;0.305986;0.000000;0.019551
1;0.264498;0.679801;0.152156;0.000000;0.192044
1;1.000000;0.396138;0.044246;0.103446;0.000000
1;0.572108;0.640463;0.000000;0.039705;0.000000
1;0.376336;0.813970;0.009016;0.011605;0.005076
1;0.441705;0.731765;0.112397;0.000000;0.049254
1;0.447189;0.775675;0.060746;0.000000;0.088288
1;0.112228;0.845656;0.234868;0.044744;0.000000
1;0.270687;0.725457;0.154637;0.052833;0.054738
1;0.701624;0.270593;0.363334;0.011975;0.204375
1;0.009480;0.862284;0.252936;0.000000;0.102141
1;0.582228;0.643824;0.026128;0.014315;0.000000
1;0.242941;0.637786;0.165473;0.065235;0.178278
1;0.938067;0.416800;0.000000;0.000000;0.004837
1;0.252197;0.960850;0.162093;0.010764;0.060538
1;0.749660;0.670770;0.109399;0.015603;0.000000
1;0.675863;0.536427;0.563540;0.000000;0.000000
1;0.924337;0.441984;0.145150;0.019643;0.026114
1;0.330135;0.999926;0.066064;0.027669;0.069537
1;0.504275;0.883151;0.024780;0.000000;0.111140
1;0.367079;0.842041;0.016988;0.000000;0.169266
1;0.478614;0.789127;0.214034;0.051332;0.079984
1;0.916682;0.477929;0.179488;0.015560;0.000000
1;0.950275;0.505169;0.029320;0.103314;0.000000
1;0.599064;0.737674;0.252769;0.068369;0.000000
1;0.941570;0.317220;0.265065;0.033583;0.250078
1;0.388975;0.885923;0.000000;0.063662;0.040392
