0.177890;1.000000;0.326250;0.319605;0.002990
0.048965;0.981668;0.961035;0.156996;0.028443
0.000000;0.944273;0.909220;0.119861;0.030933
0.205687;0.956641;0.319090;0.285649;0.015566
0.106683;0.960050;0.860400;0.216013;0.067491
0.039872;0.978642;0.824143;0.146014;0.068241
0.033318;0.889337;0.330137;0.124737;0.014105
0.109077;0.974221;0.542824;0.237905;0.000000
0.060279;0.960399;0.640856;0.195427;0.089067
0.226238;1.000000;0.204180;0.337306;0.000000
0.112385;0.878778;0.726966;0.195409;0.071580
0.000000;0.917844;0.939603;0.103321;0.034194
0.141114;0.969302;0.505293;0.223395;0.061830
0.000422;0.972036;0.789916;0.145095;0.022181
0.000000;0.943850;0.875287;0.184606;0.000000
0.075063;0.966350;0.652213;0.202213;0.026459
0.017855;0.994311;0.887720;0.102205;0.029371
0.139279;0.977781;0.178967;0.302511;0.004919
0.003134;0.932263;0.918728;0.136854;0.007097
0.050092;0.849972;0.979635;0.118856;0.060358
0.015486;0.992647;0.683650;0.088773;0.049181
0.123736;0.975976;0.476411;0.117531;0.075469
0.089514;0.888574;0.869711;0.153612;0.033378
0.000000;0.956784;0.888988;0.125506;0.061177
0.179159;0.954002;0.243885;0.278831;0.001285
0.010369;0.962619;0.745709;0.087946;0.025997
0.070639;0.962502;0.639705;0.139728;0.033592
0.052359;0.981893;0.830200;0.160952;0.027992
0.020934;0.957044;0.881549;0.118680;0.025491
0.014240;0.879120;0.519324;0.102405;0.014389
0.091900;0.900530;0.510678;0.166309;0.065901
0.027216;1.000000;0.963006;0.110448;0.054613
0.127989;0.865178;0.970160;0.233753;0.165235
0.000000;1.000000;0.696386;0.123545;0.087381
0.001597;0.949432;0.839498;0.181922;0.029215
0.033417;0.986134;0.790184;0.145151;0.008190
0.023556;0.982224;0.712422;0.164294;0.018757
0.035171;0.982664;0.855943;0.182503;0.037515
0.000000;0.983129;0.906181;0.143684;0.061014
0.065162;0.967654;0.452758;0.175860;0.057728
0.040714;0.983980;0.559690;0.186893;0.025075
0.091189;0.932428;0.745982;0.229766;0.000000
0.148222;0.928432;0.364668;0.282261;0.060203
0.052012;0.962376;0.965189;0.191605;0.038311
0.066225;1.000000;0.758426;0.166398;0.069817
0.049425;0.849067;0.362209;0.098253;0.032931
0.181048;0.814994;0.886102;0.222144;0.030017
0.153541;0.884595;0.295921;0.248839;0.036401
0.082791;0.968865;0.492649;0.147568;0.074512
0.009495;1.000000;0.734954;0.176404;0.000000
0.057281;0.875978;0.883519;0.101152;0.018775
0.041684;0.846823;0.718311;0.172136;0.026225
0.037108;0.884679;0.965006;0.105951;0.037671
0.102749;0.934646;0.517178;0.188516;0.045378
0.035925;0.991340;0.823407;0.148578;0.000000
0.051250;0.928636;0.954984;0.121730;0.005275
0.021168;0.969640;0.857244;0.152712;0.030862
0.088793;0.960873;0.729267;0.205179;0.000000
0.000000;0.926465;0.916173;0.122285;0.027190
0.034284;0.995604;0.435496;0.182011;0.070776
0.063298;0.885653;0.399451;0.182123;0.019155
0.231474;0.997455;0.240655;0.291168;0.002182
0.005851;0.970066;0.854648;0.114243;0.000000
0.041820;0.959139;0.909283;0.127692;0.004295
0.052208;0.972589;0.900598;0.151919;0.039483
0.041402;1.000000;0.855799;0.149874;0.017616
0.000000;0.936099;0.918255;0.123378;0.000000
0.055475;0.972763;0.965162;0.166042;0.000000
0.000000;0.972598;0.882231;0.114245;0.050699
0.032449;0.981985;0.789096;0.163911;0.107628
0.013208;1.000000;0.923536;0.087421;0.054497
0.012746;1.000000;0.442410;0.160139;0.022789
0.098407;0.809876;0.818020;0.165551;0.025725
0.004577;1.000000;0.372611;0.190469;0.000000
0.093812;0.921168;0.136979;0.264410;0.050361
0.141558;0.923765;0.133948;0.205583;0.000831
0.000000;0.967828;0.119856;0.153582;0.034510
0.016128;1.000000;0.081784;0.186504;0.093654
0.000000;0.854393;0.507920;0.114455;0.041962
0.096635;0.967195;0.132344;0.190440;0.052925
0.040510;0.983287;0.151712;0.135374;0.040474
0.103593;1.000000;0.857566;0.199225;0.081729
0.131057;1.000000;0.489860;0.214687;0.107918
0.147455;0.947772;0.514207;0.251608;0.000000
0.038838;0.984993;0.868248;0.148320;0.105390
0.024807;1.000000;0.697655;0.176592;0.027006
0.000000;0.901233;0.922137;0.138720;0.000000
0.099087;1.000000;0.275047;0.205659;0.009696
0.120603;0.914510;0.328004;0.216236;0.081824
0.119569;0.936291;0.118082;0.219888;0.057313
0.150994;0.941068;0.331304;0.243289;0.062513
0.021499;0.907541;0.901564;0.106352;0.057564
0.106535;0.923256;0.581107;0.142318;0.006998
0.158144;0.925231;0.429644;0.285673;0.000000
0.041221;0.965787;0.402861;0.136046;0.005653
0.000000;0.931245;0.963808;0.187396;0.044027
0.069357;0.943288;0.802329;0.167656;0.027848
0.000000;0.957336;0.687169;0.097449;0.038100
0.142449;0.915485;0.338716;0.213005;0.089972
0.069070;0.998159;0.431130;0.180788;0.093339
