0.022927;0.952619;0.779240;0.154795;0.001290
0.068614;0.947847;0.734317;0.178265;0.000000
0.000000;0.922626;0.936208;0.114051;0.026674
0.014182;0.902905;0.929166;0.129870;0.011609
0.024579;0.946945;0.960949;0.111164;0.002749
0.026144;0.959784;0.188365;0.134537;0.024297
0.074123;0.956924;0.651371;0.184578;0.006626
0.022415;0.939356;0.761236;0.192125;0.001407
0.043206;0.955108;0.797867;0.168867;0.017826
0.045155;0.993602;0.680925;0.157367;0.023106
0.067578;0.941149;0.672514;0.174139;0.034440
0.031012;0.924296;0.750169;0.163028;0.000000
0.050799;0.941849;0.663153;0.141150;0.000000
0.006072;0.912253;0.726439;0.105647;0.068240
0.182531;0.987086;0.285346;0.304731;0.033426
0.000000;0.875192;0.873963;0.114360;0.006132
0.076221;0.898585;0.631248;0.177047;0.029180
0.040987;1.000000;0.883181;0.202856;0.080323
0.056643;0.857525;0.385979;0.156324;0.010709
0.033197;0.870782;0.396493;0.157492;0.048748
0.055177;0.821505;0.339396;0.159558;0.020767
0.025123;0.897835;0.410647;0.125855;0.012809
0.017484;0.826772;0.568583;0.076886;0.000000
0.010054;0.996473;0.713390;0.153168;0.023125
0.065577;0.945599;0.703358;0.181182;0.031277
0.011020;0.979798;0.957964;0.099129;0.027044
0.129764;1.000000;0.656872;0.181536;0.026451
0.068630;0.887122;0.878268;0.140921;0.018603
0.047403;0.981329;0.715135;0.173760;0.019789
0.057801;0.948706;0.812930;0.175001;0.072065
0.057798;0.934945;0.880975;0.190838;0.059449
0.006202;0.991597;0.970933;0.093449;0.000000
0.012545;1.000000;0.996957;0.128678;0.010830
0.032111;0.928343;0.868614;0.144361;0.050830
0.000000;0.981869;0.836285;0.120591;0.001858
0.024977;1.000000;0.865548;0.116059;0.000000
0.147314;0.908933;0.445307;0.240104;0.136164
0.026214;0.931396;0.935709;0.151047;0.000000
0.172641;1.000000;0.203600;0.234193;0.037451
0.019470;0.980965;0.710410;0.134220;0.030768
0.023589;0.947151;0.963323;0.125269;0.000000
0.000000;0.992942;0.954889;0.100791;0.020294
0.008938;0.917889;0.876935;0.129452;0.047130
0.015207;1.000000;0.881238;0.149942;0.000000
0.000000;1.000000;0.856485;0.139525;0.029312
0.106696;0.912550;0.764864;0.208739;0.065071
0.053436;0.956936;0.724408;0.148362;0.005333
0.146019;0.960154;0.506304;0.241110;0.000000
0.017022;0.974707;0.942025;0.114333;0.046109
0.158020;1.000000;0.357713;0.270462;0.000000
0.033653;0.810824;0.370516;0.164611;0.000000
0.053655;0.837912;0.373384;0.165322;0.025754
0.013985;0.812549;0.361976;0.095714;0.000000
0.013180;0.867376;0.369628;0.168118;0.030479
0.047645;0.981519;0.730508;0.180241;0.049367
0.049108;1.000000;0.728203;0.125109;0.040581
0.030168;0.981709;0.731869;0.125159;0.006212
0.014525;0.993962;0.998823;0.092377;0.047642
0.053200;0.958406;0.785788;0.161348;0.044226
0.026662;0.956498;0.933112;0.133237;0.056574
0.035634;0.999634;0.900822;0.124566;0.012636
0.127319;0.945176;0.583414;0.191529;0.038164
0.047288;0.984262;0.624829;0.220290;0.073422
0.019092;0.994074;0.808228;0.158748;0.045934
0.066775;0.979626;0.848241;0.166509;0.113381
0.057868;0.973457;0.635108;0.175717;0.011520
0.075345;0.967602;0.709676;0.176817;0.019863
0.134653;0.960332;0.524578;0.224845;0.035283
0.081079;0.895742;0.934985;0.163512;0.024341
0.038938;0.906801;0.734657;0.171831;0.000000
0.024706;0.880195;0.884533;0.130626;0.009273
0.052948;0.922319;0.910117;0.093890;0.107819
0.073726;0.926387;0.987218;0.130882;0.037025
0.109518;0.991520;0.736969;0.215448;0.024191
0.120531;0.942334;0.569096;0.201620;0.093381
0.114085;0.975612;0.894743;0.191379;0.061185
0.069583;0.965111;0.755280;0.153302;0.084110
0.053907;0.908768;0.859312;0.163481;0.049312
0.138360;1.000000;0.541983;0.229775;0.014773
0.000593;0.968472;0.910022;0.131623;0.106890
0.000000;0.985950;0.957916;0.115120;0.000000
0.023765;0.982899;0.928166;0.113286;0.026622
0.091482;0.972193;0.674454;0.176464;0.048765
0.011819;0.911104;0.925358;0.114602;0.148122
0.009400;0.996451;0.996942;0.148324;0.012584
0.000000;0.952324;0.999864;0.113862;0.023343
0.002285;0.866681;0.863739;0.116230;0.045469
0.107335;0.987337;0.630380;0.211346;0.019860
0.023365;0.958342;0.735663;0.158195;0.005146
0.003731;0.990016;0.982689;0.108409;0.046264
0.047355;0.982685;0.776422;0.104282;0.066902
0.046607;0.929738;0.938616;0.116951;0.011471
0.000000;0.972289;0.869530;0.084612;0.026747
0.000000;0.969429;0.733796;0.145920;0.059601
0.137462;0.956455;0.523119;0.237928;0.000000
0.011974;0.871728;0.883044;0.117742;0.039673
0.058191;0.963990;0.657253;0.140292;0.011428
0.028234;0.949352;0.843782;0.114518;0.034047
0.008231;0.969789;0.735657;0.141761;0.025206
0.000000;0.890434;0.839692;0.086218;0.046420
