0.616092;0.526456;0.743745;0.000000;0.080369
0.035983;0.983817;0.133989;0.104567;0.067962
0.093030;0.903182;0.272702;0.000000;0.015965
0.062651;0.912476;0.224118;0.000000;0.090019
0.104997;0.936583;0.718890;0.195088;0.036489
0.000000;0.921274;0.802507;0.122676;0.048900
0.000000;0.941507;1.000000;0.108802;0.002435
0.011383;0.963025;0.380706;0.113941;0.046145
0.134057;0.941820;0.001042;0.023596;0.000000
0.081583;0.983374;0.429871;0.306266;0.020978
0.012394;0.729931;0.966459;0.125395;0.011483
0.049397;1.000000;0.777321;0.103425;0.000000
0.059584;0.955758;0.799846;0.146933;0.020597
0.134771;0.912342;0.711421;0.168476;0.000000
0.098265;0.891957;0.859527;0.176996;0.000000
0.052313;0.941508;0.784639;0.175929;0.052543
0.075897;0.852849;0.157743;0.131882;0.079217
0.077718;0.768894;0.470645;0.198553;0.073494
0.020026;1.000000;0.387534;0.015434;0.000000
0.099694;0.919395;0.436992;0.191844;0.016110
0.040387;0.980509;0.446601;0.181464;0.050265
0.074521;0.863150;0.095584;0.146765;0.029629
0.156836;0.878675;0.800357;0.192663;0.000000
0.092329;0.839407;0.887762;0.033571;0.000000
0.039308;0.848054;0.424186;0.192178;0.000000
0.141745;0.748349;0.407193;0.199623;0.000000
0.211429;0.754453;0.388261;0.183326;0.040292
0.021954;0.801770;0.846584;0.079885;0.047031
0.016006;1.000000;0.171366;0.200453;0.038266
0.066248;0.937305;0.852645;0.117953;0.000000
0.051094;0.994910;0.862297;0.217665;0.047030
0.034602;0.885962;0.499588;0.179168;0.142212
0.012681;0.895217;0.912149;0.093164;0.049839
0.132230;0.955991;0.019220;0.003473;0.108588
0.102693;0.879064;0.076021;0.000000;0.031145
0.064871;0.813307;0.181596;0.000000;0.024333
0.003241;0.864793;0.209266;0.000000;0.003467
0.381947;0.568830;0.353581;0.000000;0.000000
0.000000;0.904463;0.009625;0.046170;0.015131
0.182700;0.854999;0.115835;0.051144;0.079921
0.060051;0.890629;0.092842;0.036750;0.000000
0.122724;0.771616;0.390340;0.035565;0.000000
0.051011;0.838167;0.901402;0.122992;0.052879
0.000000;0.813912;0.984638;0.158149;0.041670
0.046608;0.855126;0.858605;0.000000;0.004690
0.104064;1.000000;0.070497;0.070798;0.014020
0.107471;0.639551;1.000000;0.023452;0.023884
0.038298;0.743318;0.932127;0.027493;0.000000
0.056421;1.000000;0.059631;0.000000;0.029002
0.032067;0.961793;0.293181;0.076958;0.096640
0.185376;0.969219;0.149055;0.027616;0.086298
0.037014;0.989396;0.272487;0.017884;0.003068
0.445642;0.722402;0.272918;0.044916;0.101348
0.211103;0.754705;0.862775;0.000000;0.071142
0.118928;0.840354;0.969296;0.035737;0.036458
0.120350;0.864353;0.842191;0.006980;0.000000
0.060506;0.648141;1.000000;0.059549;0.000768
0.036463;0.859653;0.306053;0.003517;0.077437
0.164963;0.889426;0.300329;0.013667;0.034095
0.129005;0.874356;0.287504;0.047032;0.059514
0.128371;0.938812;0.265631;0.053307;0.048087
0.076030;0.726692;0.906960;0.000000;0.135172
0.627809;0.581484;0.121816;0.110504;0.134279
0.135448;0.953521;0.197774;0.068227;0.053092
0.136382;0.940071;0.187620;0.136555;0.000000
0.136312;1.000000;0.000085;0.000000;0.068891
0.055855;0.975804;0.098476;0.062185;0.142011
0.081826;0.886751;0.282433;0.043476;0.035011
0.164267;0.898110;0.190417;0.000000;0.000000
0.022700;0.965695;0.330558;0.000000;0.021045
0.000000;0.920688;0.617472;0.072765;0.028978
0.000000;0.821093;0.814262;0.056999;0.008350
0.048836;0.803185;0.935937;0.106863;0.000000
0.099424;0.694851;0.438457;0.170051;0.048803
0.266557;0.863796;0.064478;0.007379;0.074274
0.262180;0.972915;0.064455;0.024064;0.003343
0.133272;0.950261;0.160945;0.038665;0.000000
0.000000;1.000000;0.052190;0.041465;0.000000
0.007047;0.912114;0.193454;0.019390;0.008518
0.109460;0.681025;0.960278;0.139354;0.000000
0.003122;0.833452;0.309737;0.120974;0.022717
0.690970;0.512760;0.011291;0.000000;0.106506
0.139685;0.956506;0.156452;0.053560;0.000000
0.099683;0.990189;0.082318;0.137594;0.000000
0.122258;1.000000;0.119205;0.000000;0.000000
0.181473;0.538364;0.990061;0.082618;0.011502
0.251307;0.739295;0.208215;0.000000;0.100043
0.018829;0.990496;0.091121;0.127290;0.115150
0.000000;0.696674;0.959313;0.081562;0.079998
0.000000;0.951800;0.241649;0.019194;0.000000
0.046840;1.000000;0.025949;0.062779;0.003732
0.061096;0.835604;0.297225;0.054576;0.040612
0.127333;0.909068;0.257762;0.000000;0.032414
0.032730;0.982617;0.212086;0.000000;0.068783
0.105889;0.953901;0.195983;0.140132;0.019731
0.043194;1.000000;0.160921;0.000000;0.005447
0.000000;0.894980;0.882708;0.058314;0.000000
0.059339;0.969634;0.400128;0.100669;0.036794
0.115287;1.000000;0.078242;0.000000;0.074506
0.015040;0.900215;0.373066;0.134941;0.049262
