3;0.245970;0.932951;0.296325;0.073889;0.000000
3;0.141720;0.761550;0.097585;0.225602;0.102200
3;0.372185;0.528376;0.949551;0.099363;0.149688
3;0.020220;0.734196;0.660245;0.095570;0.083396
3;0.298766;0.909365;0.000000;0.000000;0.000000
2;0.115218;0.900409;0.541304;0.122295;0.000000
2;0.000000;0.951445;0.888852;0.142081;0.020043
2;0.279618;0.832805;0.229900;0.000000;0.000000
2;0.232495;0.839091;0.592995;0.093005;0.037556
2;0.092097;0.905732;0.357215;0.014040;0.125692
2;0.874769;0.293728;0.893480;0.068016;0.000000
2;0.000000;1.000000;0.000000;0.031435;0.147298
2;0.093660;0.815481;0.538190;0.080206;0.000000
2;0.000000;0.558181;0.899677;0.000000;0.206051
2;0.173986;0.718919;0.859645;0.000000;0.062328
2;0.844656;0.625728;0.000000;0.098913;0.086436
2;0.146762;0.788985;0.206293;0.024649;0.000000
2;0.025193;0.614290;0.883950;0.009906;0.105333
2;0.359574;0.753394;0.064982;0.220510;0.000000
2;0.319865;0.738718;0.024347;0.015766;0.108827
2;0.430891;0.670523;0.055553;0.133573;0.000000
2;0.378337;0.795188;0.300369;0.000000;0.051207
2;0.092509;0.829910;1.000000;0.000000;0.113517
2;0.000000;0.794011;0.988157;0.103158;0.074693
2;0.191429;0.936001;0.732038;0.145546;0.000000
2;0.214137;0.906812;0.099071;0.000000;0.073524
1;0.283813;0.675942;0.813220;0.032845;0.000000
1;0.138639;0.878873;0.685136;0.099320;0.067505
1;0.098075;1.000000;0.000000;0.070963;0.000000
1;0.297522;0.781145;0.017158;0.092102;0.144874
1;0.093454;0.742924;0.625048;0.000000;0.145333
1;0.911017;0.496664;0.916874;0.000000;0.000000
1;0.180250;0.814728;0.425992;0.016718;0.000000
1;0.321819;0.804797;0.209157;0.050996;0.128532
1;0.000000;1.000000;0.111038;0.143819;0.147670
1;0.232387;0.800665;0.226225;0.101049;0.000000
1;0.977349;0.000000;0.133814;0.000000;0.745955
1;0.000000;0.732142;0.694589;0.000000;0.315682
1;0.290028;0.647909;0.791753;0.083348;0.060094
1;0.908488;0.244373;0.994304;0.136455;0.000000
1;0.399752;0.621386;0.000000;0.235716;0.000000
1;0.386414;0.739605;0.224407;0.000000;0.018963
1;0.050984;0.946885;0.681487;0.000000;0.000000
1;0.257483;0.518944;0.890111;0.082320;0.000000
1;0.000000;0.810130;0.891558;0.066047;0.011507
1;0.363159;0.816724;0.170170;0.080414;0.021523
1;0.000000;0.981777;0.000000;0.129224;0.035546
1;0.257303;0.966926;0.200868;0.000000;0.000000
1;0.384276;0.631960;0.397230;0.219648;0.420725
1;0.171456;0.790193;0.660248;0.086914;0.000000
1;0.000000;0.792002;0.803762;0.130906;0.000000
1;0.239350;0.732025;0.977614;0.000000;0.000000
1;0.002766;1.000000;0.026597;0.000000;0.112840
1;0.436321;0.986361;0.618223;0.000000;0.110865
1;0.174722;0.908373;0.192801;0.004679;0.000000
1;0.000000;0.659007;0.772033;0.049636;0.136400
1;0.315756;0.803955;0.000000;0.024690;0.113543
1;0.038497;0.608457;0.861163;0.143863;0.039579
1;0.202599;0.688358;0.522933;0.121808;0.039703
1;0.233000;0.869638;0.196203;0.083385;0.013055
1;0.079717;0.857504;0.051761;0.214575;0.026889
1;0.006450;1.000000;0.412986;0.145043;0.010417
1;0.287113;0.509936;0.868065;0.109543;0.002553
1;0.371707;0.857985;0.617872;0.009381;0.266552
1;0.048460;0.643020;0.925902;0.045036;0.028109
1;0.152789;0.794723;0.927511;0.023067;0.086325
1;0.707577;0.898753;0.079814;0.185406;0.178396
1;0.236144;0.628722;0.677422;0.090204;0.059083
1;0.047712;0.685388;0.901304;0.075933;0.044383
1;0.227271;0.746941;0.911554;0.075077;0.004796
1;0.000000;0.822585;0.927684;0.175956;0.152483
1;0.168476;0.811269;0.136834;0.000000;0.100631
1;0.718536;0.248166;0.247018;0.174928;0.168823
1;0.000000;0.775270;0.949423;0.000000;0.044064
1;0.267918;0.583747;0.314095;0.306554;0.047387
1;0.453085;0.925432;0.582403;0.058163;0.065642
1;0.907809;0.402299;0.000000;0.040737;0.000000
1;0.294330;0.814198;0.147077;0.000000;0.097481
1;0.148664;0.937597;0.000000;0.000000;0.000000
1;0.000000;0.952004;0.609750;0.000000;0.006613
1;0.034885;0.815845;0.542182;0.205355;0.000000
1;0.079215;0.735048;0.636333;0.000000;0.454709
1;0.176940;0.785536;0.005785;0.274198;0.000000
1;0.021634;0.513281;0.986676;0.147410;0.320387
1;0.291405;0.620414;0.648804;0.000000;0.000000
1;0.000000;0.553422;0.979707;0.136215;0.111910
1;0.203708;0.864053;0.774598;0.000000;0.000000
1;0.196201;0.953129;0.092286;0.000000;0.167099
1;0.245482;0.907495;0.265934;0.000000;0.000000
1;0.097240;0.827172;0.172394;0.111913;0.130013
1;0.316474;0.713503;0.034965;0.099604;0.122413
1;0.355567;0.635008;0.754277;0.000000;0.014096
1;0.404888;0.542796;0.100743;0.262922;0.000000
1;0.843926;0.392778;0.803919;0.000000;0.000000
1;0.008120;0.996809;0.838529;0.114942;0.000000
1;0.738885;0.410826;0.965917;0.035106;0.000000
1;0.353058;0.778180;0.183877;0.029711;0.147991
1;0.142240;0.706106;1.000000;0.040132;0.000000
1;0.000000;0.890786;0.000000;0.053418;0.208246
1;0.135901;0.748475;0.386233;0.152405;0.000000
1;0.085424;0.737070;0.658683;0.078281;0.165020
1;1.000000;0.185189;1.000000;0.059816;0.000000
1;0.893020;0.135314;0.294206;0.141222;0.071050
1;1.000000;0.391544;0.000000;0.017932;0.050870
1;0.041916;1.000000;0.387963;0.155365;0.000000
1;0.059674;0.502182;0.833082;0.078481;0.249271
1;0.346591;0.891947;0.000000;0.001718;0.000000
1;0.090258;1.000000;0.000000;0.090132;0.000000
1;0.290505;0.678992;0.000000;0.094415;0.155497
1;0.699718;0.345091;0.163426;0.000000;0.364832
1;0.832267;0.300651;0.965655;0.000000;0.008910
1;0.050500;0.990736;0.149905;0.207388;0.094786
1;0.177120;0.890410;0.166973;0.000000;0.000000
1;0.241835;1.000000;0.006380;0.000000;0.000000
1;0.767856;0.053505;0.211026;0.023443;0.686192
1;0.375819;0.897819;0.616044;0.111307;0.000000
1;0.657472;0.796705;0.097265;0.019045;0.267627
1;0.172360;0.217405;1.000000;0.110840;0.496885
1;0.130743;0.695342;0.363381;0.218901;0.130390
1;0.373289;0.798282;0.719846;0.000000;0.000000
1;0.072423;1.000000;0.132596;0.000000;0.103890
1;0.000000;0.910595;0.664261;0.000000;0.099995
1;0.093755;0.819422;0.260417;0.017224;0.122678
1;0.467065;0.355469;0.918731;0.000000;0.093279
1;0.478367;0.771628;0.292614;0.080437;0.188287
1;0.010925;0.925099;0.000000;0.166521;0.137205
1;0.316218;0.819949;0.053530;0.034591;0.101008
1;0.135835;0.389606;0.974079;0.000000;0.354371
1;0.359212;0.542076;1.000000;0.103707;0.163635
1;0.557961;0.796699;0.264520;0.000000;0.000000
1;0.843950;0.991610;0.224000;0.000000;0.028556
1;0.353564;0.855446;0.003862;0.000000;0.099014
1;0.261841;0.810356;0.000000;0.218782;0.000000
1;0.685367;0.101104;0.671176;0.000000;0.508646
1;0.062779;0.874001;0.433157;0.007318;0.092484
1;0.682490;0.476603;0.811151;0.002479;0.038792
1;0.378011;0.537261;0.869093;0.000000;0.031431
1;0.087254;0.793702;0.359685;0.084869;0.000000
1;0.107157;0.814892;0.628812;0.186718;0.082638
1;0.000000;0.778101;1.000000;0.000000;0.091097
1;0.095441;1.000000;0.023693;0.017879;0.129933
1;0.320096;0.868347;0.009036;0.152693;0.000000
1;0.343115;0.951084;0.803868;0.050848;0.000000
1;0.160651;0.203650;1.000000;0.118910;0.468524
1;0.000000;0.651074;0.830705;0.138100;0.145069
1;0.329804;0.678328;0.465760;0.105717;0.035419
1;0.408420;0.957393;0.855000;0.006829;0.000000
1;0.000000;0.920150;0.255998;0.232863;0.464864
1;0.066402;0.525934;0.422599;0.004179;0.520986
1;0.231203;0.769104;0.000000;0.188961;0.007203
1;0.000000;0.971380;0.409156;0.025811;0.071510
1;0.293095;0.934354;0.181146;0.083473;0.000000
1;0.302885;0.861508;0.779767;0.000000;0.097018
1;0.063710;0.749374;0.506856;0.128360;0.000000
1;0.006238;0.784110;0.493485;0.038771;0.268395
1;0.125804;0.729349;0.371394;0.203108;0.036551
1;0.089152;0.697654;0.752172;0.254345;0.123344
1;0.177402;0.658484;0.641430;0.012309;0.032544
1;0.852816;0.862347;0.264568;0.035317;0.000000
1;0.977147;0.359498;0.095538;0.000000;0.000000
1;0.835441;0.048968;0.578355;0.000000;0.451934
1;0.766443;0.301970;0.102509;0.026651;0.256389
1;0.074156;1.000000;0.488149;0.106765;0.149708
1;0.279208;0.732458;0.265233;0.132326;0.000306
1;0.329434;0.423826;0.550041;0.321413;0.445962
1;0.000000;0.905503;0.000000;0.043950;0.120503
1;0.394224;0.759751;0.102554;0.103942;0.000000
1;0.995898;0.199622;0.211500;0.116605;0.070097
1;0.090742;0.829575;0.590690;0.105212;0.073634
1;0.693049;0.102485;1.000000;0.082057;0.279483
1;0.000000;0.810736;1.000000;0.008763;0.081982
1;0.759039;0.728800;0.109081;0.000000;0.124580
1;0.285876;0.835881;0.856938;0.084658;0.162793
1;0.479323;0.814586;0.651578;0.064954;0.000000
1;0.172107;0.524252;0.785114;0.083211;0.092499
1;0.122569;0.727605;0.386828;0.088272;0.081158
1;0.427791;0.741507;0.163246;0.022450;0.073247
1;0.034716;0.844282;0.509867;0.024242;0.146573
1;0.343239;0.654507;0.128020;0.307167;0.000000
1;0.245858;0.802676;0.884029;0.178772;0.024422
1;0.161455;1.000000;0.039745;0.026877;0.000000
1;0.866167;0.134395;0.616879;0.000000;0.571948
1;0.727336;0.000000;1.000000;0.119168;0.145821
1;0.035138;0.890611;1.000000;0.130158;0.159417
1;0.324268;0.801194;0.350814;0.000000;0.106072
1;0.562830;0.717936;0.155062;0.211887;0.318787
1;0.198715;0.722571;0.324284;0.108095;0.220760
1;0.399001;0.942170;0.335490;0.203296;0.275099
1;0.147265;0.914437;0.073976;0.007130;0.081508
1;0.918500;0.073443;1.000000;0.000000;0.089672
1;0.263436;0.773721;0.047960;0.000000;0.000000
1;0.298569;0.701916;0.064764;0.284576;0.084885
1;0.121923;0.740531;0.398972;0.157447;0.043503
1;0.245427;0.788173;0.336013;0.112780;0.000000
1;0.000000;0.876634;0.321983;0.000000;0.260886
1;0.282887;0.682688;0.098015;0.053800;0.083526
1;0.256063;0.784519;0.397477;0.011698;0.006882
1;0.561085;0.810049;0.022003;0.059526;0.246438
1;0.274398;0.738495;0.661641;0.011725;0.000000
1;0.282956;0.787187;0.468491;0.000000;0.000000
1;0.150004;0.695685;0.070147;0.222465;0.521837
1;0.199988;0.936284;0.000000;0.083334;0.000000
1;0.927054;0.465152;0.074642;0.116175;0.004098
