1|0.603871|0.934968|0.333976|0.765998
1|0.998848|0.770057|0.684779|0.469462
1|0.800243|0.965647|0.162377|0.381254
1|0.821092|0.822293|0.983982|0.727925
1|0.955565|0.917563|0.563876|0.750813
1|0.952849|0.914220|0.088777|0.187063
1|0.704215|0.962046|0.448285|0.682274
1|0.912510|0.967286|0.858074|0.553589
1|0.984449|0.719968|0.442432|0.821157
1|0.576120|0.982734|0.668279|0.938208
1|0.818149|0.908024|0.466344|0.954549
1|0.867638|0.661901|0.781973|0.964962
1|0.967132|0.911703|0.440308|0.522202
1|0.676169|0.952461|0.070020|0.940752
1|0.903523|0.682790|0.394065|0.911475
1|0.969287|0.931594|0.038703|0.734687
1|0.971081|0.721836|0.597372|0.603128
1|0.626021|0.996813|0.499209|0.733000
1|0.671358|0.805984|0.442861|0.945718
1|0.999646|0.607867|0.753328|0.851168
1|0.954397|0.850686|0.812059|0.813864
1|0.505726|0.988685|0.934208|0.967316
1|0.910502|0.903725|0.875951|0.304650
1|0.956058|0.942605|0.351604|0.415289
1|0.997528|0.573062|0.262938|0.875623
1|0.630215|0.958329|0.362284|0.830325
1|0.758943|0.990340|0.543179|0.906096
1|0.902869|0.912657|0.778064|0.496198
1|0.694010|0.990942|0.104327|0.751077
1|0.691528|0.982130|0.670591|0.829887
1|0.930015|0.910357|0.568504|0.589764
1|0.783901|0.756931|0.907923|0.860486
1|0.958039|0.759220|0.514651|0.777130
1|0.871746|0.976534|0.568357|0.228486
1|0.643680|0.869751|0.286509|0.963396
1|0.639927|0.980102|0.823926|0.996714
1|0.913744|0.981983|0.910248|0.234176
1|0.758051|0.821806|0.026389|0.736706
1|0.817697|0.936257|0.279456|0.578748
1|0.992917|0.732716|0.928999|0.852275
1|0.947204|0.781231|0.369978|0.981735
1|0.623543|0.895155|0.380730|0.778551
1|0.784225|0.934736|0.267429|0.606391
1|0.551413|0.881137|0.589464|0.996232
1|0.823773|0.850085|0.413723|0.572129
1|0.867056|0.995674|0.149973|0.625302
1|0.939823|0.949728|0.315543|0.366681
1|0.805178|0.923368|0.053347|0.419445
