4;0.689600;0.656174;0.038823;0.052728;0.018271
4;0.266433;1.000000;0.281085;0.000000;0.000000
3;0.048212;1.000000;0.000000;0.014774;0.199106
2;0.637007;0.763511;0.042805;0.068931;0.012137
2;0.936705;0.412965;0.043326;0.148224;0.000000
2;0.963944;0.070492;0.223384;0.011146;0.435357
2;0.321369;0.742256;0.286540;0.044799;0.140689
1;1.000000;0.014719;0.678063;0.054180;0.110115
1;0.000000;0.844520;0.174937;0.126998;0.070357
1;0.982461;0.360580;0.023400;0.000000;0.000000
1;0.657145;0.573595;0.003419;0.035621;0.000000
1;0.201482;0.562910;0.092433;0.366128;0.152247
1;0.945106;0.631037;0.143535;0.035308;0.019163
1;0.080865;1.000000;0.388948;0.154826;0.284444
1;1.000000;0.686195;0.055976;0.000000;0.022636
1;0.885975;0.607873;0.197625;0.000000;0.100920
1;1.000000;0.791893;0.131973;0.005005;0.000000
1;0.752192;0.884813;0.270666;0.014345;0.001497
1;0.064040;0.945013;0.650193;0.195643;0.009193
1;0.105970;0.839647;0.441389;0.058520;0.000000
1;0.125388;0.912718;0.288659;0.000000;0.000000
1;0.945989;0.393170;0.104064;0.000000;0.000000
1;0.957196;0.186704;0.202968;0.000000;0.179650
1;0.404896;0.742381;0.099191;0.000000;0.017434
1;0.083292;0.783110;0.189328;0.040064;0.156356
1;0.100067;0.706959;0.906956;0.070037;0.064745
1;0.296751;0.695004;0.160990;0.000000;0.124772
1;0.515511;0.658189;0.163166;0.000000;0.025889
1;0.828160;0.386626;0.355663;0.000000;0.059820
1;0.159273;0.849772;0.477502;0.125609;0.022710
1;0.209602;0.802768;0.620518;0.045903;0.000000
1;0.069162;0.872537;0.339634;0.216114;0.281009
1;1.000000;0.065301;0.247011;0.000000;0.543386
1;0.974863;0.573805;0.000000;0.000000;0.072397
1;0.613681;0.286710;0.897040;0.000000;0.256738
1;0.082639;0.857539;0.440279;0.223358;0.133803
1;0.182343;0.829195;0.492457;0.052317;0.000000
1;0.712202;0.491212;0.494811;0.000000;0.000000
1;0.170878;0.949076;0.325539;0.035363;0.000000
1;0.986328;0.432599;0.049159;0.033510;0.029804
1;0.909435;0.230740;0.214469;0.036580;0.214292
1;0.231729;0.901840;0.531192;0.000000;0.061302
1;0.950903;0.339304;0.021200;0.081614;0.000000
1;0.327890;0.873216;0.039608;0.009863;0.075863
1;0.369337;0.795988;0.001461;0.025822;0.033595
1;0.733757;0.404183;0.319270;0.076546;0.168741
1;0.640303;0.529977;0.288893;0.000000;0.101030
1;0.094394;0.976403;0.000000;0.034354;0.257631
1;0.661396;0.682219;0.000000;0.124492;0.000000
1;0.233323;0.869103;0.148954;0.000183;0.098949
1;0.067809;0.931399;0.553850;0.102534;0.000000
1;0.193254;0.937733;0.108335;0.137993;0.003512
1;0.055009;1.000000;0.393854;0.273073;0.076735
1;1.000000;0.171719;0.124766;0.118739;0.104605
1;0.453501;0.778442;0.000000;0.034333;0.053046
1;0.336555;0.588887;0.290677;0.099284;0.147927
1;0.318955;0.764531;0.155009;0.068632;0.213190
1;0.479308;0.912232;0.069637;0.000000;0.026778
1;0.334682;0.717479;0.143974;0.324314;0.153538
1;0.000000;0.784536;0.781754;0.078783;0.220565
1;0.495931;0.558742;0.160396;0.214460;0.012370
1;0.772218;0.484451;0.226970;0.000000;0.123276
1;0.171941;0.900300;0.543692;0.001393;0.077871
1;0.070785;0.910292;0.594716;0.145836;0.000000
1;0.721894;0.556240;0.234571;0.081567;0.012737
1;0.465744;0.747786;0.241748;0.000000;0.000000
1;0.421912;0.739227;0.189733;0.124634;0.000000
1;0.444068;0.838077;0.133535;0.015395;0.051489
1;0.261032;0.994772;0.214352;0.049772;0.000000
1;0.358779;0.750053;0.136688;0.143177;0.081956
1;1.000000;0.534171;0.057049;0.000000;0.000000
1;0.881954;0.381117;0.306725;0.000000;0.025306
1;0.833387;0.520183;0.397398;0.000000;0.035141
1;1.000000;0.486121;0.074935;0.000000;0.139886
1;0.619299;0.276735;0.847400;0.000000;0.309317
1;1.000000;0.142719;0.213086;0.108123;0.174753
1;0.195847;0.860645;0.370717;0.045473;0.000000
1;0.913307;0.452002;0.042011;0.001870;0.000000
1;1.000000;0.456113;0.085716;0.044040;0.012178
1;0.457379;0.900778;0.123055;0.019305;0.061409
1;0.284365;0.754572;0.806055;0.066796;0.038296
1;0.732837;0.450149;0.302563;0.013068;0.104686
1;0.095465;0.965327;0.194173;0.000000;0.041992
1;0.625854;0.655815;0.081025;0.020899;0.000000
1;0.330373;0.710079;0.064349;0.082466;0.159942
1;0.681845;0.566440;0.000000;0.057710;0.059283
1;0.316830;0.825874;0.000000;0.000000;0.163962
1;0.144144;0.924211;0.171808;0.075336;0.037055
1;0.000000;0.920139;0.370063;0.041906;0.351645
1;1.000000;0.643540;0.072589;0.000000;0.000000
1;0.344645;0.983932;0.311665;0.027014;0.000000
1;0.471631;0.895432;0.158380;0.000000;0.062028
1;0.011617;0.971244;1.000000;0.000000;0.052336
1;0.506105;0.926421;0.055518;0.013443;0.000000
1;0.366901;0.943417;0.000000;0.045002;0.112460
1;0.000000;0.870073;0.885214;0.142807;0.101572
1;0.347138;0.761916;0.000000;0.114211;0.048733
1;0.854360;0.528766;0.259699;0.000000;0.035356
1;0.188088;0.879689;0.461796;0.000000;0.125477
1;0.497472;0.778964;0.255982;0.000000;0.072864
1;0.434529;0.722309;0.149316;0.073453;0.051602
1;0.412290;0.722226;0.057651;0.047246;0.059775
