0.090240;0.956837;0.708515;0.204125;0.012300
0.000000;1.000000;0.716431;0.147857;0.068254
0.044409;0.987634;0.712331;0.154457;0.041159
0.005472;0.942375;0.911167;0.128172;0.032078
0.000000;0.963242;0.941768;0.160391;0.000393
0.046297;0.998562;0.696971;0.188170;0.008118
0.003229;0.964541;0.858871;0.107522;0.062779
0.000000;0.998281;0.909841;0.122980;0.000000
0.042967;0.834499;0.334697;0.159121;0.000000
0.042637;0.855821;0.332455;0.172962;0.000000
0.081895;0.938412;0.785752;0.168221;0.052552
0.061246;0.991671;0.616798;0.190711;0.030361
0.040202;0.991535;0.676115;0.146887;0.027197
0.010483;1.000000;0.752467;0.153361;0.013300
0.117457;0.966527;0.693848;0.183461;0.000000
0.056314;0.981328;0.628182;0.183453;0.039420
0.060455;0.969147;0.746485;0.167109;0.013766
0.060459;1.000000;0.736662;0.147020;0.004051
0.028128;1.000000;0.700313;0.150660;0.085627
0.019058;0.981920;0.966026;0.128461;0.000000
0.141034;0.933289;0.663259;0.214263;0.027686
0.056715;0.980613;0.648031;0.150598;0.029530
0.062891;0.982209;0.922059;0.170865;0.063802
0.003614;1.000000;0.957388;0.120367;0.008184
0.046861;0.862180;0.369427;0.186124;0.016235
0.014239;1.000000;0.703762;0.139960;0.074082
0.042608;0.993894;0.728154;0.149096;0.032272
0.077583;0.917295;0.765843;0.152034;0.073724
0.186702;0.995370;0.226415;0.255835;0.000509
0.038618;1.000000;0.713269;0.129172;0.054470
0.023516;1.000000;0.702586;0.106460;0.083779
0.034068;0.920903;0.951878;0.163836;0.009230
0.020330;0.948207;0.931483;0.102329;0.000000
0.009757;0.981855;0.634870;0.149343;0.058580
0.063142;0.957045;0.714421;0.189789;0.000000
0.003908;0.965041;0.953712;0.086763;0.010017
0.086283;0.938122;0.633790;0.177840;0.038738
0.070143;0.985304;0.713093;0.167006;0.003213
0.066748;0.982463;0.721381;0.175023;0.021989
0.052066;1.000000;0.633273;0.114478;0.009566
0.050919;1.000000;0.697047;0.184963;0.012308
0.021031;0.976302;0.728263;0.157972;0.000000
0.091451;0.958758;0.656800;0.176987;0.008781
0.006780;0.955076;0.920687;0.134797;0.020368
0.033576;0.862612;0.876984;0.111038;0.022262
0.000000;0.941331;0.691148;0.098508;0.063689
0.005789;0.972880;0.834785;0.094896;0.016469
0.024244;0.936616;0.878558;0.147991;0.026032
0.047596;0.960277;0.748879;0.184784;0.006752
0.019744;0.951901;0.995195;0.138664;0.011546
0.028065;0.929833;0.911170;0.147663;0.036829
0.065114;0.946572;0.801890;0.163039;0.003646
0.066033;0.981726;0.655282;0.147766;0.024417
0.015458;0.964619;0.949563;0.151394;0.016500
0.136287;0.971101;0.578667;0.212337;0.008137
0.103380;0.988501;0.693384;0.205283;0.020602
0.040346;0.996415;0.963867;0.152754;0.000000
0.010379;0.987893;0.877404;0.167970;0.037533
0.100904;0.968476;0.667146;0.247290;0.014426
0.015876;0.991031;0.937202;0.125212;0.000000
0.109974;0.958703;0.652489;0.226234;0.037285
0.040016;0.932664;0.888813;0.189393;0.015841
0.095936;0.992382;0.595972;0.244156;0.000000
0.018788;0.870237;0.354375;0.129423;0.007043
0.056606;0.916012;0.920506;0.159942;0.000000
0.036719;1.000000;0.964091;0.134379;0.012468
0.086108;0.989408;0.623344;0.203791;0.026855
0.067713;0.999361;0.894538;0.219738;0.051173
0.129797;0.982911;0.681175;0.239123;0.014606
0.111670;0.998053;0.505666;0.228923;0.031933
0.002917;1.000000;0.842176;0.121101;0.036327
0.000000;0.989047;0.956221;0.137962;0.012704
0.053627;0.955046;0.660908;0.150953;0.015646
0.033393;0.973861;0.619539;0.151930;0.019351
0.074110;0.896743;0.631969;0.166692;0.016302
0.069140;0.975177;0.548272;0.204915;0.018081
0.038971;0.876570;0.874026;0.125022;0.008549
0.025741;0.955147;0.739132;0.107341;0.005842
0.021842;0.843551;0.319214;0.137604;0.014601
0.017373;0.864477;0.837311;0.150946;0.012771
0.037949;0.892807;0.772553;0.175197;0.000000
0.016789;0.909834;0.917752;0.124173;0.026778
0.000690;0.976454;0.591091;0.129376;0.002062
0.082180;0.821704;0.553664;0.164923;0.020536
0.056886;0.837172;0.572550;0.126333;0.017183
0.062278;0.876216;0.606820;0.198337;0.019993
0.001210;0.969071;0.863100;0.131990;0.000000
0.034406;0.909926;0.753556;0.143687;0.016826
0.079896;0.995721;0.616793;0.181484;0.023859
0.052578;0.933291;0.779293;0.156866;0.008641
0.000000;0.960331;0.720433;0.154072;0.056275
0.042370;1.000000;0.623449;0.146726;0.043390
0.090673;0.925618;0.632197;0.193341;0.041082
0.037395;1.000000;0.650758;0.154025;0.000000
0.064901;0.983043;0.705679;0.169185;0.028469
0.120498;0.918875;0.606261;0.195242;0.021926
0.041111;1.000000;0.645321;0.160534;0.000000
0.002100;0.963969;0.739782;0.115890;0.039635
0.088391;0.973315;0.554633;0.188603;0.008210
0.032273;0.918335;0.755089;0.182229;0.026954
