0.000000;1.000000;0.734422;0.132490;0.015861
0.039204;1.000000;0.724631;0.167318;0.000000
0.078466;0.997701;0.685728;0.203961;0.023620
0.010990;0.930394;1.000000;0.135529;0.025412
0.091756;0.965551;0.566139;0.224898;0.011833
0.048410;0.994617;0.662286;0.183901;0.015504
0.002902;0.910567;0.883032;0.176936;0.000000
0.000000;0.977956;0.682454;0.145559;0.036637
0.069963;0.963533;0.727047;0.162263;0.001390
0.043975;0.967899;0.776793;0.183703;0.027499
0.002632;0.967666;0.984275;0.109116;0.001021
0.030061;0.977279;0.864654;0.104524;0.053891
0.056868;0.840179;0.325537;0.145400;0.000128
0.021273;1.000000;0.997930;0.137088;0.000000
0.000000;0.969718;0.944844;0.129906;0.000667
0.100468;0.951864;0.693844;0.184740;0.024413
0.028734;0.982400;0.733478;0.153488;0.010314
0.046386;0.901602;0.949509;0.136846;0.017815
0.028419;0.977643;0.761229;0.163554;0.021184
0.087782;0.959918;0.644080;0.172081;0.023559
0.086440;1.000000;0.613253;0.201031;0.017144
0.030886;1.000000;0.692274;0.164113;0.027791
0.061975;0.977954;0.714795;0.185301;0.025064
0.061788;0.922208;0.784011;0.177083;0.049536
0.144462;0.998854;0.714690;0.204425;0.000000
0.044330;0.985065;0.658350;0.183363;0.016178
0.035227;0.994107;0.762205;0.187406;0.010106
0.020460;1.000000;0.686921;0.126102;0.075732
0.055906;0.890277;0.750715;0.180913;0.066262
0.075174;0.975150;0.706771;0.182504;0.021917
0.076431;0.906479;0.673754;0.178271;0.042406
0.042052;1.000000;0.652963;0.194192;0.030112
0.115079;0.991930;0.681780;0.235892;0.011458
0.016623;0.996583;0.979531;0.153399;0.002478
0.029053;0.993031;0.885914;0.148333;0.038682
0.052633;0.947797;0.926904;0.173652;0.000000
0.107788;0.987492;0.645051;0.226163;0.000000
0.098339;0.979596;0.637345;0.216094;0.049788
0.000000;1.000000;0.871674;0.134605;0.049037
0.085354;1.000000;0.692205;0.215664;0.013561
0.005877;0.984801;0.697329;0.144501;0.047374
0.002041;0.902132;0.909132;0.126118;0.044009
0.009866;0.993827;0.882250;0.091628;0.040245
0.026285;0.991596;0.746400;0.151978;0.031241
0.108076;0.995242;0.699065;0.191658;0.000000
0.072747;0.981472;0.730764;0.138858;0.000000
0.020622;0.984883;0.730094;0.151730;0.066102
0.034948;0.994091;0.645098;0.171547;0.009604
0.000000;0.988120;0.917827;0.124713;0.031907
0.043977;0.983686;0.689561;0.152647;0.119064
0.000000;1.000000;0.742588;0.157278;0.034437
0.073115;0.924964;0.744545;0.148679;0.067060
0.169514;0.969065;0.228521;0.247560;0.000000
0.025178;0.990742;0.704486;0.119128;0.033923
0.017700;0.969550;0.696973;0.116951;0.103975
0.000000;1.000000;0.601336;0.163758;0.042855
0.054104;0.960832;0.719094;0.166619;0.003929
0.089383;0.922481;0.640099;0.199723;0.076402
0.051489;0.994546;0.710705;0.156809;0.000000
0.012457;0.975099;0.729695;0.175254;0.019958
0.045429;1.000000;0.626429;0.132370;0.006628
0.039040;0.979571;0.705147;0.168809;0.015447
0.049906;0.988578;0.727614;0.137217;0.008912
0.044626;0.946238;0.895924;0.103563;0.021007
0.044776;0.968822;0.865225;0.157195;0.009025
0.037660;0.964702;0.972572;0.086126;0.000000
0.070654;0.959591;0.769659;0.165440;0.000000
0.083750;0.996180;0.699708;0.202986;0.014032
0.035975;0.967607;0.961020;0.140224;0.000000
0.000000;0.987451;0.989569;0.118768;0.009788
0.042782;0.901031;0.901478;0.183410;0.000000
0.087652;1.000000;0.639674;0.220274;0.000000
0.142402;0.968675;0.644215;0.244593;0.000000
0.123314;0.988953;0.520616;0.220091;0.046685
0.030053;0.999022;0.961059;0.164069;0.009387
0.113325;1.000000;0.583640;0.223663;0.000000
0.001888;0.896240;0.889634;0.155370;0.031237
0.049441;0.888726;0.628776;0.175750;0.016083
0.032461;0.988883;0.830294;0.139136;0.003394
0.057691;0.955401;0.616512;0.193740;0.013813
0.054593;0.948753;0.776011;0.196706;0.021509
0.021709;1.000000;0.643410;0.154947;0.011574
0.091388;0.943755;0.591957;0.197948;0.041926
0.020182;0.995201;0.654090;0.149645;0.000000
0.090083;0.972025;0.710460;0.167030;0.020223
0.015250;0.958285;0.748905;0.133530;0.062124
0.068142;1.000000;0.569284;0.190121;0.000000
0.049942;0.918416;0.744779;0.156908;0.021081
0.083265;0.998433;0.718915;0.185888;0.000000
0.024831;1.000000;0.738313;0.145219;0.017708
0.006812;0.999344;0.667532;0.150066;0.043839
0.030164;0.996712;0.764249;0.148614;0.000000
0.040912;0.911433;0.941024;0.168892;0.008069
0.030603;0.983267;0.614804;0.169201;0.039690
0.018057;0.910093;0.909731;0.120666;0.033819
0.025600;0.958210;0.653207;0.143372;0.000000
0.011512;0.967778;0.864046;0.133320;0.002908
0.114880;0.945438;0.734693;0.204741;0.000000
0.000000;0.961713;0.943306;0.143101;0.000000
0.039576;1.000000;0.670698;0.177241;0.015657
