0.022425;0.969348;0.842814;0.129072;0.023908
0.158675;0.970380;0.241261;0.290396;0.006477
0.014361;0.883044;0.892286;0.125398;0.036988
0.064996;0.947303;0.733712;0.202129;0.018846
0.050175;0.909565;0.934932;0.121105;0.031033
0.008136;0.972609;0.927389;0.086240;0.035087
0.085382;1.000000;0.801573;0.181439;0.000000
0.048620;0.966443;0.753807;0.138315;0.027302
0.163719;1.000000;0.350428;0.225228;0.111445
0.083056;1.000000;0.942520;0.177564;0.047538
0.138725;0.925508;0.344913;0.213052;0.049045
0.020979;0.915912;0.377651;0.105210;0.102884
0.106557;1.000000;0.108120;0.234909;0.048631
0.052391;0.887285;0.775379;0.208005;0.048874
0.022623;0.934663;0.716014;0.140000;0.000000
0.110559;0.898415;0.383921;0.220104;0.136774
0.058757;0.948049;0.601939;0.225255;0.035470
0.012941;0.942566;0.786804;0.176231;0.062227
0.000000;0.938228;0.515866;0.183912;0.000000
0.000000;0.992312;0.458358;0.097341;0.013197
0.098943;0.852944;0.340160;0.217302;0.073860
0.019604;0.986446;0.169725;0.155906;0.148974
0.000585;0.884072;0.735622;0.146463;0.000000
0.006920;0.912185;0.797224;0.059105;0.000000
0.030663;0.841688;1.000000;0.145332;0.067142
0.112743;0.985583;0.835636;0.180548;0.008225
0.000000;0.996795;0.129369;0.111390;0.069943
0.142703;1.000000;0.439903;0.217703;0.056112
0.162602;0.950803;0.415278;0.280936;0.000000
0.070058;0.956907;0.932891;0.169856;0.013794
0.000000;0.954383;0.536533;0.122458;0.003276
0.096683;0.985882;0.437319;0.159362;0.091250
0.032637;1.000000;0.936103;0.111628;0.000000
0.069157;0.936901;0.834700;0.252136;0.000000
0.056727;0.880940;0.832818;0.177746;0.029135
0.021968;0.896855;0.742812;0.128615;0.027472
0.105851;0.901010;0.741671;0.190857;0.031794
0.031503;0.817304;0.990544;0.156968;0.010988
0.003241;0.998154;0.706480;0.143685;0.000000
0.052765;0.876060;0.869118;0.128651;0.000000
0.166925;0.918258;0.393778;0.229481;0.075182
0.000000;0.997214;0.786753;0.102921;0.005306
0.030818;1.000000;0.429436;0.137819;0.080911
0.057691;1.000000;0.501169;0.139090;0.027313
0.000000;0.967997;0.719802;0.160011;0.098412
0.060269;0.710853;0.865743;0.133056;0.084137
0.054137;0.906640;0.103062;0.180157;0.118132
0.030483;1.000000;0.134662;0.128959;0.052072
0.022063;0.914963;0.077405;0.104860;0.082068
0.136618;0.963680;0.342143;0.227529;0.049598
0.100447;0.968579;0.506705;0.174178;0.000701
0.033660;0.916173;0.746917;0.065761;0.000000
0.070402;0.967020;0.438353;0.168091;0.009006
0.044541;0.971126;0.904028;0.145130;0.015874
0.147582;0.910180;0.335565;0.220344;0.061309
0.000000;0.924446;0.855009;0.104467;0.000000
0.000000;0.930918;0.845062;0.095696;0.018385
0.000000;0.949932;0.709796;0.145019;0.064404
0.011546;0.919162;0.131243;0.000000;0.052530
0.146018;0.991639;0.246844;0.317004;0.000000
0.031424;0.979343;0.058799;0.117144;0.001417
0.000000;0.925714;0.335034;0.143396;0.048546
0.000000;0.955191;0.045954;0.109416;0.051985
0.000000;0.931008;0.439745;0.120166;0.000000
0.000000;0.913008;0.335648;0.105912;0.013826
0.035553;0.969313;0.466297;0.152384;0.108293
0.085924;0.960511;0.292907;0.191096;0.077535
0.000000;1.000000;0.477466;0.179406;0.000000
0.027130;0.921790;0.913934;0.108478;0.068359
0.215898;1.000000;0.188574;0.359124;0.000000
0.095605;0.900032;0.967347;0.213274;0.110276
0.062787;0.815054;0.955272;0.153936;0.000000
0.267047;0.949656;0.000000;0.059052;0.042225
0.050757;1.000000;0.837807;0.134797;0.099127
0.169367;0.973979;0.464513;0.248105;0.003712
0.181159;0.980691;0.530022;0.245798;0.055645
0.031918;0.922454;0.804556;0.150880;0.045114
0.032786;0.966934;0.910416;0.094949;0.054113
0.144934;0.961831;0.330707;0.313316;0.017334
0.058611;0.874654;0.834795;0.155166;0.022044
0.137661;0.837476;0.823242;0.231809;0.000000
0.137612;0.875010;0.340131;0.237117;0.105068
0.086050;0.948254;0.809354;0.185499;0.024391
0.134869;1.000000;0.431463;0.222374;0.054376
0.000000;0.965981;0.817125;0.140238;0.150863
0.147296;0.983592;0.507321;0.200293;0.028128
0.000000;1.000000;0.892297;0.144474;0.056278
0.001907;0.990203;0.903840;0.125074;0.035956
0.005341;1.000000;0.817595;0.086655;0.114243
0.067991;0.953570;0.968209;0.157344;0.017108
0.037450;0.951746;0.777748;0.187738;0.016925
0.048102;0.919445;0.937207;0.102069;0.015506
0.006270;0.985591;0.436467;0.127747;0.002760
0.000000;0.956376;0.446582;0.163656;0.011126
0.241321;1.000000;0.322741;0.345090;0.059166
0.000000;0.998692;0.065977;0.114498;0.098660
0.006851;0.916917;0.288987;0.046319;0.065908
0.007208;0.869130;0.520787;0.109165;0.010101
0.000000;0.913478;0.471830;0.003706;0.000000
0.000000;0.945479;0.143963;0.006757;0.069534
