0.038573;0.846943;0.379682;0.146023;0.000000
0.004985;1.000000;0.708917;0.132008;0.045896
0.004594;0.995072;0.443334;0.084691;0.002570
0.086673;0.973457;0.284578;0.207269;0.000000
0.058374;0.900429;0.913651;0.108419;0.000000
0.073365;0.832150;0.258432;0.188734;0.062448
0.049269;0.928014;0.847819;0.140479;0.042454
0.051268;0.843983;0.761369;0.164341;0.020956
0.000000;0.824771;0.550968;0.087843;0.020132
0.042877;0.938923;0.438101;0.156380;0.000000
0.129964;1.000000;0.566909;0.271446;0.000000
0.203807;1.000000;0.295544;0.266343;0.026472
0.018477;0.978356;0.733382;0.142378;0.084222
0.113256;0.963040;0.755370;0.204131;0.045603
0.087505;0.971244;0.868439;0.214438;0.007262
0.000000;0.882491;0.519107;0.104481;0.022713
0.015131;0.899190;0.516550;0.069208;0.000000
0.068224;0.929435;0.071382;0.219443;0.093116
0.044609;0.994745;0.783566;0.137155;0.008779
0.040886;0.975661;0.948461;0.147633;0.073708
0.067159;0.984435;0.884882;0.174393;0.033069
0.000000;0.960747;0.947021;0.106780;0.027274
0.048327;0.998448;0.893263;0.133294;0.085742
0.003653;0.918595;0.899650;0.138875;0.135730
0.174399;0.908660;0.426571;0.263223;0.116519
0.002550;0.957389;0.836886;0.135919;0.085654
0.100167;1.000000;0.653854;0.202574;0.000000
0.130714;0.951329;0.625800;0.203933;0.014694
0.106998;0.840183;0.377332;0.111398;0.048506
0.137558;0.933561;0.130194;0.234527;0.000000
0.058180;0.842620;0.343446;0.123491;0.024275
0.000000;0.968217;0.456833;0.159880;0.025188
0.009577;1.000000;0.932117;0.140750;0.000000
0.077211;1.000000;0.579911;0.250172;0.082768
0.050009;0.982757;0.932936;0.131990;0.020341
0.053747;0.931045;0.870546;0.181293;0.062041
0.065939;1.000000;0.681044;0.218665;0.018698
0.003047;0.962656;0.935265;0.151851;0.058788
0.027002;0.868844;0.692407;0.152356;0.002986
0.039242;0.860790;0.401193;0.145924;0.041209
0.123198;0.976537;0.473675;0.211345;0.000000
0.048831;0.943903;0.960704;0.172221;0.029505
0.067540;0.872620;0.435574;0.171318;0.054437
0.066254;0.788816;0.806535;0.156646;0.029525
0.079605;1.000000;0.145428;0.129084;0.012244
0.080436;1.000000;0.131387;0.196113;0.000000
0.017598;0.981203;0.496267;0.138359;0.032642
0.000000;0.980293;0.730419;0.148576;0.064618
0.001789;0.970369;0.736065;0.167018;0.039032
0.022807;0.888706;0.744875;0.137957;0.049032
0.087826;0.942095;0.107641;0.233372;0.084787
0.000000;0.984839;0.331806;0.142278;0.000000
0.059113;0.947033;0.151589;0.227783;0.020171
0.029506;0.835227;0.917512;0.102454;0.000000
0.026806;0.822268;0.927892;0.155944;0.000000
0.027939;0.921349;0.853897;0.134583;0.007775
0.051607;0.953195;0.720262;0.169343;0.000000
0.030380;0.968753;0.967102;0.174977;0.068722
0.077231;0.967917;0.587054;0.212351;0.014800
0.011686;0.885541;0.754837;0.210944;0.008142
0.025863;1.000000;0.451218;0.171090;0.007415
0.048894;0.934262;0.909650;0.126638;0.011551
0.120101;0.949714;0.806354;0.194513;0.031324
0.041154;1.000000;0.750264;0.178763;0.010881
0.016349;0.977116;0.731253;0.144273;0.040097
0.092054;0.982958;0.470732;0.195590;0.039865
0.071592;1.000000;0.970104;0.162520;0.030912
0.137497;0.895198;0.859323;0.230244;0.002185
0.081305;0.975597;0.811914;0.200611;0.000000
0.168471;0.895943;0.854116;0.198785;0.000000
0.067633;0.955992;0.876028;0.101959;0.082547
0.029937;1.000000;0.861268;0.165332;0.016534
0.113527;0.935184;0.750254;0.154879;0.075904
0.193942;0.981021;0.234845;0.283825;0.000000
0.000000;0.992939;0.923393;0.091209;0.013957
0.118374;0.929635;0.653541;0.185748;0.031966
0.167563;0.982457;0.391684;0.263452;0.155660
0.213738;0.880226;0.426761;0.334346;0.013818
0.201613;0.955605;0.423753;0.249941;0.069915
0.232241;0.996174;0.226706;0.333402;0.003038
0.030389;0.978895;0.805559;0.136241;0.048145
0.024376;0.894520;0.969371;0.159971;0.013690
0.189990;1.000000;0.316788;0.292916;0.100901
0.020809;0.949245;0.918800;0.111538;0.007956
0.102699;0.956874;0.508812;0.172034;0.024574
0.009848;0.944911;0.810450;0.118893;0.072561
0.055002;0.976405;0.779322;0.139723;0.023498
0.000000;0.996662;0.690652;0.182299;0.043970
0.009103;0.992253;0.713412;0.106245;0.053737
0.032012;0.904902;0.884962;0.151122;0.000000
0.093993;0.929897;0.630520;0.186248;0.053517
0.027729;0.899635;0.900277;0.130281;0.027074
0.029886;0.900287;0.952250;0.177806;0.000000
0.000000;0.972294;0.921311;0.170499;0.021628
0.002212;0.957448;0.936766;0.152240;0.000000
0.046225;1.000000;0.693278;0.178298;0.000000
0.041486;0.968048;0.873372;0.161712;0.030698
0.066918;1.000000;0.806068;0.178693;0.082405
0.055660;1.000000;0.750649;0.160844;0.032029
0.001627;1.000000;0.909392;0.173638;0.002803
