0.090730;0.837348;0.515071;0.127903;0.036943
0.156675;0.708943;0.416457;0.000000;0.000000
0.399550;0.650457;0.159970;0.041099;0.045390
0.043433;0.933402;0.415585;0.098053;0.017169
0.044423;0.819235;0.604144;0.045678;0.000000
0.041106;0.888597;0.571032;0.136262;0.000000
0.083998;0.959411;0.411847;0.178900;0.000000
0.187853;0.765772;0.408816;0.000000;0.034128
0.056897;1.000000;0.527448;0.196086;0.020573
0.473558;0.811389;0.174970;0.045364;0.000000
0.482965;0.642408;0.000000;0.184208;0.064265
0.058665;0.768867;0.117720;0.142222;0.087457
0.062252;0.902713;0.250205;0.120362;0.059916
0.012820;1.000000;0.385416;0.000000;0.126419
0.327477;0.882048;0.482356;0.028767;0.073217
0.025692;0.787929;0.667307;0.042793;0.000000
0.416648;0.603369;0.000000;0.002229;0.022392
0.143528;0.899878;0.607498;0.022111;0.108881
0.323013;0.744983;0.117836;0.082381;0.019447
0.000000;0.665470;0.925278;0.100731;0.100953
0.055169;0.899810;0.057847;0.077791;0.071398
0.142477;0.794517;0.411669;0.013273;0.080264
0.050831;0.997444;0.269414;0.054140;0.038042
0.098480;0.881826;0.155917;0.178397;0.011964
0.229596;0.681366;0.000000;0.066258;0.211580
0.029508;0.856051;0.344291;0.187534;0.011527
0.227242;0.631898;0.466024;0.094866;0.163282
0.217680;0.728002;0.589389;0.044026;0.000000
0.058086;0.814354;0.497050;0.009895;0.032800
0.088226;0.892284;0.597363;0.000000;0.091082
0.000000;1.000000;0.043130;0.105704;0.076526
0.263147;0.704328;0.095345;0.080799;0.023354
0.000000;0.999496;0.546597;0.126144;0.069838
0.020342;0.907535;0.296064;0.000000;0.064117
0.063365;0.644285;0.869093;0.000000;0.079995
0.017446;0.803751;0.705176;0.091179;0.017569
0.008540;0.781693;0.861326;0.044450;0.033195
0.113388;0.948621;0.031242;0.381209;0.087718
0.170953;0.778949;0.692119;0.034182;0.000000
0.000000;0.822418;0.874211;0.000000;0.038374
0.000000;0.891949;0.642955;0.178422;0.021747
0.576086;0.455084;0.066047;0.190466;0.069827
0.065407;0.780894;0.427219;0.126463;0.000000
0.017438;0.877140;0.225933;0.048981;0.097722
0.267660;0.870789;0.170930;0.007998;0.102203
0.217928;0.968075;0.140982;0.020649;0.000000
0.065413;0.795484;0.078612;0.156166;0.087777
0.008166;0.652917;0.896250;0.049893;0.140652
0.241356;0.763258;0.500009;0.064216;0.054108
0.078698;1.000000;0.048438;0.057972;0.221768
0.168072;0.789845;0.666990;0.032277;0.002648
0.086942;0.891952;0.481138;0.106600;0.000000
0.059563;1.000000;0.052873;0.041888;0.114995
0.392700;0.600416;0.000000;0.252010;0.034438
0.192007;0.726210;0.502437;0.025403;0.006258
0.197460;0.653166;0.015609;0.076819;0.262524
0.235483;0.776711;0.187850;0.000000;0.000000
0.198375;0.779989;0.341413;0.166855;0.000000
0.093948;0.883645;0.088293;0.000000;0.000000
0.049394;0.801424;0.626613;0.000000;0.063906
0.053638;1.000000;0.742755;0.000000;0.000000
0.000000;0.973674;0.483901;0.070650;0.021043
0.394996;0.748092;0.585848;0.074106;0.063350
0.195108;0.853293;0.221001;0.144078;0.000000
0.110703;0.852520;0.658050;0.042440;0.000000
0.212504;0.915460;0.255290;0.011247;0.000000
0.000000;1.000000;0.553824;0.149129;0.038145
0.287651;0.727373;0.093981;0.017407;0.220240
0.419780;0.432482;0.189190;0.199728;0.003941
0.048137;0.925725;0.311971;0.036195;0.000000
0.124715;0.939274;0.569675;0.000000;0.000000
0.000000;0.840729;0.580060;0.156158;0.028293
0.173857;1.000000;0.132995;0.132902;0.000000
0.381728;0.730197;0.059889;0.078784;0.122927
0.263575;0.850970;0.320462;0.076932;0.044491
0.000000;0.984009;0.375504;0.097423;0.025299
0.076961;0.885207;0.095711;0.018140;0.047908
0.063889;1.000000;0.337828;0.257221;0.007691
0.004540;0.693041;0.829327;0.133814;0.162964
0.039282;0.920753;0.000000;0.000000;0.232030
0.140378;0.760091;0.208485;0.118512;0.114968
0.400387;0.870954;0.090576;0.000000;0.149565
0.108462;0.939753;0.524238;0.000000;0.000000
0.000000;0.937638;0.235538;0.239963;0.007814
0.217502;0.828173;0.222494;0.000000;0.040616
0.046220;0.951156;0.669090;0.000000;0.000000
0.000000;0.875924;0.282873;0.231214;0.028542
0.098358;0.732939;0.682530;0.069195;0.207270
0.199581;0.872288;0.598476;0.000000;0.012409
0.000000;0.615024;0.780197;0.044440;0.240616
0.051732;1.000000;0.493724;0.023017;0.000000
0.045184;0.958851;0.368658;0.090097;0.055572
0.234497;0.800476;0.219603;0.000000;0.000000
0.058385;0.813304;0.527345;0.066137;0.000000
0.000000;0.957647;0.487016;0.155467;0.050479
0.435600;0.659205;0.169436;0.000000;0.064250
0.156877;0.856635;0.867327;0.222412;0.117077
0.600013;0.457120;0.147607;0.226008;0.078106
0.264343;0.774719;0.128618;0.031653;0.160461
0.116116;0.807877;0.206273;0.197065;0.063885
