0.740850;0.628530;0.116964;0.000000;0.253207
0.285425;1.000000;0.236992;0.389966;0.000000
0.557412;0.227637;0.419485;0.000000;0.053593
0.394315;0.603960;0.332754;0.065470;0.000000
0.720321;0.901078;0.217542;0.000000;0.000000
0.000000;0.758734;1.000000;0.000000;0.254923
0.351118;0.782178;0.793661;0.000000;0.183110
0.139036;1.000000;0.000000;0.014629;0.000000
0.289591;0.680934;0.181922;0.227645;0.000000
0.437960;0.681263;0.042254;0.265446;0.306052
0.428407;0.935928;0.000000;0.204435;0.000000
0.000000;1.000000;0.292805;0.201615;0.031170
0.245472;0.640042;0.910139;0.000000;0.000000
0.174466;0.596503;0.000000;0.000000;0.000000
0.201193;0.844753;0.577842;0.038878;0.277450
0.315221;0.669789;0.000000;0.289697;0.224913
0.000000;0.666148;0.899171;0.000000;0.535379
0.608368;0.838408;0.973261;0.000000;0.119242
0.892103;0.342663;0.183341;0.236615;0.225794
0.120026;0.702667;0.795787;0.000000;0.000000
0.079686;0.657988;0.662916;0.000000;0.156701
0.452400;0.860222;0.124663;0.264197;0.000000
0.570997;0.607977;0.047174;0.018004;0.000000
0.000000;0.808420;0.000000;0.000000;0.085075
0.596770;0.494812;0.728970;0.000000;0.083075
0.000113;0.562696;0.105568;0.000000;0.186503
0.918600;0.762293;0.861115;0.205129;0.042681
0.674609;0.501584;0.054223;0.000000;0.000000
0.129401;0.582722;0.025448;0.194569;0.313521
0.000000;0.704735;0.081378;0.331875;0.078998
0.000000;0.881425;0.735148;0.118871;0.000000
0.870044;0.384478;0.549623;0.000000;0.047619
0.427785;0.835223;0.042436;0.132008;0.094300
0.938866;0.540506;0.540917;0.000000;0.229147
0.703707;0.881747;0.190549;0.000000;0.000000
1.000000;0.676038;0.110492;0.000000;0.000000
0.179221;0.924498;0.000000;0.582827;0.000000
0.612279;0.358786;1.000000;0.000000;0.082038
0.684199;0.933256;0.000000;0.232401;0.094065
0.000000;1.000000;0.732917;0.142895;0.000000
0.536644;0.530407;0.000000;0.031179;0.053612
0.834480;0.272769;0.075173;0.000000;0.182582
0.867486;0.167631;0.000000;0.267459;0.065266
0.091088;0.671230;0.000000;0.000000;0.314555
0.040215;0.758495;0.000000;0.000000;0.259506
0.204030;1.000000;0.033325;0.124372;0.000000
0.000000;0.489729;0.844109;0.216013;0.000000
0.000000;1.000000;0.522879;0.252037;0.000000
0.000000;0.862065;0.733612;0.287239;0.000000
0.991693;0.859026;0.000000;0.000000;0.124154
0.000000;0.607199;0.886583;0.100860;0.139746
0.252284;0.490490;0.028071;0.000000;0.465955
0.000000;0.830537;0.000000;0.000000;0.067667
0.356408;1.000000;0.189314;0.000000;0.000000
0.042276;0.924720;0.484183;0.004938;0.255395
0.000000;0.710793;0.885929;0.387988;0.000000
0.000000;1.000000;0.215721;0.000000;0.000000
0.998661;0.698253;0.160224;0.000000;0.125979
0.000000;0.872304;0.516874;0.561468;0.266461
0.000000;0.970050;0.486720;0.000000;0.309970
1.000000;0.659877;0.247866;0.023415;0.210627
0.022695;0.266142;0.000000;0.000000;0.196388
1.000000;0.460934;0.501483;0.000000;0.243921
0.648705;0.653730;0.250969;0.486278;0.049874
0.000000;0.885715;0.000000;0.000000;0.000000
0.311311;0.852930;0.112206;0.000000;0.000000
0.000000;0.949523;0.598484;0.063771;0.000000
0.330630;0.584791;0.384709;0.000000;0.000000
0.608659;0.744509;0.165122;0.183526;0.006271
0.000000;0.970964;0.169946;0.000000;1.000000
0.000000;1.000000;0.160360;0.130719;0.000000
0.154784;0.486382;0.944851;0.262524;0.634494
0.000000;0.901533;0.164206;0.318343;0.476017
0.408712;0.191520;0.000000;0.089719;0.595191
0.000000;0.697074;0.059530;0.046919;0.667840
0.664869;0.815988;0.048875;0.000000;0.000000
0.897016;0.582761;0.257961;0.000000;0.173364
0.868397;1.000000;0.000000;0.151166;0.000000
0.123775;0.973311;0.090329;0.114591;0.346470
0.000000;1.000000;0.202280;0.000000;0.224139
0.065465;0.642457;0.711519;0.000000;0.000000
0.144341;1.000000;0.000000;0.219148;0.113623
0.000000;0.450642;0.000000;0.055886;0.294244
1.000000;0.000000;0.098093;0.144492;0.647603
0.120170;1.000000;0.472606;0.000000;0.062323
0.132141;1.000000;0.196088;0.000000;0.254975
0.000000;0.835625;0.730014;0.000000;0.038003
0.517117;0.640961;0.000000;0.158043;0.000000
0.358611;0.237927;0.708115;0.477647;0.000000
0.782330;0.049694;0.094766;0.000000;1.000000
0.146882;0.675847;0.244413;0.236320;0.051182
0.283094;0.286623;0.842861;0.244100;0.000000
1.000000;0.000000;0.033138;0.000000;0.521060
0.663837;0.000000;0.582517;0.000000;0.549894
0.568475;0.927509;0.000000;0.053064;0.000000
0.379318;0.757046;0.818432;0.040598;0.377770
0.791806;0.099295;0.237685;0.225965;0.000000
0.221633;1.000000;0.000000;0.606246;0.056884
0.905201;0.434918;0.917677;0.175180;0.076928
0.002139;0.700450;0.000000;0.238859;0.721712
