0.008219;0.907872;0.875218;0.148182;0.036140
0.006932;1.000000;0.842448;0.104763;0.020138
0.050365;0.864655;0.375741;0.150130;0.045657
0.029358;0.988435;0.738462;0.129370;0.015273
0.040767;0.984566;0.681433;0.165857;0.045524
0.000000;0.980508;0.780929;0.124414;0.030019
0.047436;0.941848;0.725215;0.161044;0.001304
0.120363;0.980912;0.491086;0.210633;0.012702
0.070989;0.957327;0.615477;0.177636;0.019389
0.109737;0.963546;0.694015;0.187783;0.000000
0.000000;0.977268;0.966790;0.107364;0.016125
0.083206;1.000000;0.656735;0.177375;0.014395
0.000000;0.975846;0.880458;0.084563;0.010243
0.064576;0.925860;0.665449;0.225379;0.005168
0.178801;0.987383;0.217674;0.253478;0.000000
0.000862;0.993349;0.731091;0.138196;0.052431
0.062403;0.962169;0.625066;0.177217;0.000000
0.008590;0.927722;0.711066;0.140370;0.054720
0.119466;0.940990;0.547359;0.243304;0.054886
0.016316;0.953493;0.997757;0.130229;0.013682
0.030495;0.980513;0.712400;0.135325;0.024599
0.037100;0.907515;0.952115;0.129416;0.010147
0.032778;0.948313;0.914795;0.122331;0.037005
0.024918;0.846279;0.359899;0.122759;0.002671
0.038512;0.976015;0.883876;0.140560;0.037978
0.022976;0.981508;0.935933;0.124419;0.004076
0.150052;0.915559;0.643241;0.201948;0.039383
0.011248;1.000000;0.680918;0.158506;0.085514
0.041411;0.998678;0.854106;0.167758;0.076480
0.015912;1.000000;0.734032;0.160600;0.043586
0.000000;0.973922;0.942131;0.095929;0.000000
0.069870;1.000000;0.616031;0.167109;0.051236
0.000000;0.949784;0.844809;0.103887;0.000000
0.028859;0.939181;0.931738;0.116601;0.042653
0.000000;0.977540;0.890496;0.115877;0.000000
0.016205;1.000000;0.696692;0.124595;0.088963
0.031087;0.914710;0.884076;0.121015;0.103023
0.019898;0.967032;0.702689;0.137087;0.038769
0.016106;1.000000;0.877615;0.133258;0.047017
0.186302;0.978509;0.203853;0.273401;0.046738
0.000000;0.933141;0.950890;0.127814;0.000000
0.056820;0.991966;0.910521;0.128116;0.000000
0.034920;0.950477;0.761703;0.157730;0.041067
0.007699;0.968316;0.932367;0.124047;0.000901
0.065530;0.959264;0.583018;0.194077;0.044533
0.046144;0.961057;0.775085;0.139813;0.015310
0.022991;0.839317;0.550314;0.125575;0.000000
0.026863;0.836130;0.358033;0.173339;0.000693
0.048482;0.869293;0.383480;0.190053;0.012189
0.057339;0.984355;0.885067;0.193386;0.095133
0.102493;0.890349;0.800269;0.190839;0.045303
0.026522;0.892327;0.880661;0.112280;0.000000
0.025325;0.977879;0.644424;0.142237;0.008352
0.096733;0.881330;0.611422;0.160694;0.000821
0.026663;0.916158;0.852425;0.150760;0.005475
0.044525;0.936399;0.716813;0.141012;0.059332
0.003453;0.970958;0.738677;0.145717;0.023393
0.075687;0.905837;0.655853;0.211469;0.000000
0.015800;0.962046;0.786582;0.133226;0.000000
0.000000;0.987072;0.627505;0.140990;0.029427
0.000000;0.977561;0.859026;0.129888;0.015651
0.083632;0.961880;0.619948;0.188964;0.000000
0.019835;0.919338;0.871168;0.132231;0.018545
0.064789;0.996710;0.730965;0.151485;0.016726
0.032765;0.886069;0.831268;0.143051;0.008967
0.064981;0.975126;0.700522;0.197938;0.000000
0.020322;0.948632;0.921345;0.113343;0.023861
0.080939;0.992513;0.570542;0.184547;0.018699
0.072621;0.893147;0.654534;0.197051;0.071827
0.050120;0.972207;0.739513;0.182846;0.000000
0.157698;0.953445;0.190655;0.254527;0.021179
0.183870;0.979352;0.230545;0.303371;0.014160
0.037914;0.836900;0.533021;0.145900;0.038507
0.070050;0.999218;0.818098;0.141658;0.078864
0.000497;0.833367;0.376438;0.134194;0.000000
0.114322;0.953059;0.470768;0.235900;0.064980
0.052959;1.000000;0.817732;0.164127;0.146695
0.048528;0.960715;0.949157;0.153092;0.040658
0.043880;1.000000;0.793832;0.153195;0.078362
0.000000;0.986105;0.995638;0.089390;0.023783
0.120734;0.953933;0.481567;0.232021;0.008610
0.035808;0.904394;0.818385;0.125318;0.018396
0.038609;1.000000;0.701444;0.160629;0.000000
0.035419;0.958505;0.630460;0.134348;0.009909
0.061433;0.970437;0.699507;0.164612;0.020999
0.031635;0.969069;0.660963;0.180259;0.019535
0.136399;0.948452;0.532350;0.234333;0.000000
0.028277;0.939313;0.809975;0.118656;0.010539
0.000000;0.947629;0.937279;0.106736;0.022630
0.142990;0.993703;0.232385;0.290081;0.033873
0.000000;0.954966;0.987756;0.144224;0.030000
0.019467;0.952476;0.740840;0.147010;0.000000
0.052810;0.961703;0.710819;0.137582;0.000000
0.000000;0.948749;0.863135;0.124144;0.002293
0.019166;0.990980;0.712315;0.119188;0.036508
0.000000;0.921327;0.756031;0.116434;0.050445
0.047968;0.866402;0.328019;0.127732;0.053341
0.033962;0.978359;0.730042;0.140276;0.016040
0.193321;0.977886;0.451354;0.281410;0.000000
0.079718;1.000000;0.762884;0.197732;0.029031
