3;0.007236;0.908677;0.569479;0.130926;0.011002
3;0.050447;0.952815;0.171065;0.146074;0.006147
3;0.046198;0.813366;0.784587;0.012907;0.075509
3;0.239627;0.791401;0.311112;0.164413;0.024815
3;0.040881;1.000000;0.550018;0.171384;0.010675
3;0.117093;0.893327;0.610626;0.017931;0.007611
3;0.098480;0.881826;0.155917;0.178397;0.011964
2;0.287423;0.850289;0.142119;0.051698;0.010341
2;0.287569;0.828906;0.223969;0.041581;0.083009
2;0.000000;0.956980;0.408272;0.049684;0.199287
2;0.404865;0.640560;0.043375;0.032105;0.088463
2;0.014322;0.960796;0.244832;0.165720;0.021929
2;0.442409;0.633385;0.036936;0.202781;0.033868
2;0.358794;0.617477;0.000000;0.216943;0.022222
2;0.478104;0.528860;0.157423;0.247066;0.000000
2;0.252490;0.825529;0.194160;0.000345;0.030665
2;0.224330;0.852740;0.181798;0.000000;0.035514
2;0.191967;0.942414;0.226788;0.104684;0.000871
2;0.255872;0.775779;0.490237;0.000000;0.037542
2;0.021067;0.902525;0.217337;0.093086;0.033059
2;0.487716;0.793434;0.603006;0.000000;0.000000
2;0.224027;0.805417;0.202323;0.000000;0.030253
2;0.285983;0.931816;0.213846;0.021996;0.028114
2;0.299031;0.692516;0.144808;0.092999;0.211427
2;0.000000;0.966640;0.245551;0.043822;0.112910
2;0.045509;0.771012;0.852434;0.000000;0.073055
2;0.230560;0.761302;0.618046;0.055494;0.000000
2;0.190065;0.832220;0.718861;0.000482;0.028759
2;0.328871;0.713511;0.168748;0.044902;0.228849
2;0.083998;0.959411;0.411847;0.178900;0.000000
2;0.192007;0.726210;0.502437;0.025403;0.006258
2;0.000000;0.984009;0.375504;0.097423;0.025299
2;0.098358;0.732939;0.682530;0.069195;0.207270
2;0.116116;0.807877;0.206273;0.197065;0.063885
1;0.080960;1.000000;0.410822;0.197442;0.047185
1;0.103615;0.761000;0.124419;0.164891;0.117585
1;0.021097;0.690152;0.909165;0.080897;0.137765
1;0.040949;0.906820;0.249308;0.021603;0.103913
1;0.114186;0.977938;0.033012;0.304832;0.084857
1;0.238158;0.809833;0.204786;0.094142;0.047721
1;0.030550;0.887780;0.382823;0.048325;0.074685
1;0.229369;0.734279;0.522519;0.040388;0.004464
1;0.102207;0.801857;0.729067;0.004165;0.000000
1;0.231786;0.854473;0.282702;0.000000;0.021609
1;0.106333;0.925907;0.393268;0.000000;0.000000
1;0.238465;0.824165;0.304591;0.059082;0.013952
1;0.351036;0.802618;0.123440;0.028999;0.092116
1;0.026011;0.932383;0.307801;0.000000;0.068438
1;0.361415;0.664083;0.252214;0.037570;0.079139
1;0.067188;0.947387;0.581261;0.182211;0.000395
1;0.450481;0.618037;0.083606;0.061661;0.099600
1;0.256436;0.719262;0.000000;0.069117;0.243321
1;0.113785;0.959240;0.007071;0.286293;0.044422
1;0.234461;0.760091;0.506537;0.037283;0.000000
1;0.204069;0.731347;0.033246;0.043207;0.265844
1;0.274488;0.833717;0.104843;0.000000;0.001102
1;0.115150;0.880728;0.111996;0.027926;0.000000
1;0.000000;0.846749;0.568770;0.027794;0.144918
1;0.000000;1.000000;0.675583;0.000000;0.047782
1;0.174404;0.857464;0.178378;0.071597;0.023295
1;0.267420;0.884145;0.307195;0.000000;0.000000
1;0.421802;0.518795;0.148975;0.262727;0.000000
1;0.117500;0.886954;0.311247;0.000000;0.034868
1;0.359044;0.704425;0.037925;0.050459;0.142292
1;0.293382;0.779805;0.327821;0.032789;0.000000
1;0.214243;0.800334;0.656199;0.036516;0.000000
1;0.233396;0.766933;0.476445;0.000000;0.019533
1;0.000000;0.976798;0.446629;0.133849;0.029701
1;0.396464;0.791008;0.171321;0.000000;0.000000
1;0.000364;0.824262;0.662476;0.143895;0.045411
1;0.086798;0.894600;0.059068;0.167862;0.053723
1;0.092381;0.783844;0.460632;0.130786;0.022228
1;0.172265;0.749336;0.524705;0.026555;0.022876
1;0.000000;0.888190;0.399328;0.043895;0.000460
1;0.226811;0.727490;0.027640;0.060596;0.314422
1;0.115462;0.760359;0.658937;0.031966;0.004847
1;0.272596;0.699804;0.093686;0.091973;0.178096
1;0.137512;0.853629;0.359833;0.000000;0.066751
1;0.147049;0.956311;0.542962;0.007508;0.000000
1;0.000000;0.843806;0.494874;0.078187;0.113084
1;0.301482;0.852216;0.283815;0.023418;0.000000
1;0.003423;0.978070;0.034709;0.000000;0.265125
1;0.350826;0.825191;0.141807;0.000000;0.101160
1;0.061761;0.917584;0.602879;0.000000;0.008937
1;0.339962;0.771879;0.095268;0.025190;0.142433
1;0.207152;0.756487;0.402962;0.043128;0.044797
1;0.427529;0.715308;0.092505;0.092733;0.019972
1;0.007199;0.804410;0.589345;0.000000;0.062492
1;0.395223;0.765409;0.095425;0.000000;0.000000
1;0.044121;0.977412;0.296506;0.164520;0.094412
1;0.040949;0.862366;0.692034;0.079501;0.093762
1;0.052693;0.881365;0.603166;0.182843;0.058832
1;0.301788;0.827185;0.176484;0.069426;0.060315
1;0.171782;0.959428;0.095091;0.049421;0.030621
1;0.198215;0.714058;0.512704;0.057108;0.070194
1;0.174607;0.762787;0.643190;0.055122;0.000000
1;0.139922;0.905267;0.064719;0.009543;0.000000
1;0.113682;0.857937;0.686793;0.000000;0.000000
1;0.244357;0.869913;0.223505;0.026939;0.000000
1;0.149246;0.820020;0.596274;0.000000;0.000000
1;0.000000;1.000000;0.578529;0.078012;0.000000
1;0.073702;0.870903;0.498457;0.073510;0.000000
1;0.554271;0.466064;0.074802;0.210186;0.011966
1;0.270296;0.729282;0.116444;0.031738;0.174974
1;0.052079;0.903738;0.436501;0.117344;0.000000
1;0.056308;0.943981;0.552391;0.000000;0.097618
1;0.076540;0.860435;0.035127;0.080295;0.089633
1;0.022392;0.935636;0.257824;0.000000;0.000000
1;0.193309;0.675541;0.372873;0.032618;0.170536
1;0.014426;0.967386;0.290692;0.000000;0.058832
1;0.000000;0.779030;0.872658;0.060327;0.009122
1;0.510200;0.491031;0.084278;0.236550;0.016284
1;0.086108;0.828180;0.453613;0.059899;0.019568
1;0.000000;0.654610;0.891155;0.087193;0.141817
1;0.042780;0.910644;0.020851;0.105513;0.274486
1;0.058819;0.886418;0.425762;0.119923;0.056258
1;0.000000;0.992833;0.507461;0.051161;0.070265
1;0.104251;0.867035;0.599323;0.041775;0.043700
1;0.000000;0.969876;0.559420;0.063374;0.000000
1;0.337931;0.805502;0.058838;0.032113;0.177990
1;0.257508;0.764568;0.421215;0.032789;0.084553
1;0.392656;0.806784;0.549960;0.000000;0.081333
1;0.190053;0.826409;0.484136;0.043036;0.125066
1;0.000000;0.943860;0.321042;0.064665;0.000000
1;0.242310;0.732915;0.617910;0.043782;0.000000
1;0.048780;0.869262;0.459929;0.064255;0.035998
1;0.000000;0.810431;0.687738;0.053613;0.072753
1;0.201093;0.757830;0.632729;0.025458;0.021228
1;0.303395;0.819633;0.194300;0.092150;0.062961
1;0.089825;0.924379;0.420872;0.059413;0.062222
1;0.034983;1.000000;0.056781;0.041298;0.114391
1;0.045077;0.968481;0.324744;0.000289;0.000000
1;0.030958;0.934589;0.534558;0.000000;0.023718
1;0.029960;0.947447;0.175132;0.181145;0.034248
1;0.119338;0.906412;0.611930;0.032091;0.000000
1;0.000000;0.901444;0.302354;0.041661;0.065122
1;0.239186;0.791482;0.134039;0.000000;0.063795
1;0.410804;0.659727;0.258182;0.035483;0.030496
1;0.301729;0.796281;0.056691;0.000000;0.175642
1;0.162005;0.705993;0.423460;0.050799;0.005005
1;0.346687;0.680316;0.096404;0.060995;0.048004
1;0.077322;0.871627;0.635657;0.043084;0.041889
1;0.099985;0.936561;0.445019;0.247807;0.000000
1;0.176361;0.768177;0.053651;0.088467;0.214845
1;0.196409;0.806364;0.660142;0.082503;0.016545
1;0.000000;0.767340;0.875802;0.000000;0.047609
1;0.000000;0.906043;0.609372;0.198142;0.050180
1;0.236906;0.695227;0.484021;0.051659;0.001953
1;0.022721;0.964584;0.077262;0.006690;0.227000
1;0.190057;0.802965;0.637067;0.037711;0.000691
1;0.068811;0.929353;0.076598;0.000000;0.045110
1;0.000000;0.951102;0.655604;0.002304;0.000000
1;0.002878;0.977808;0.561653;0.149669;0.019576
1;0.033949;1.000000;0.366934;0.249618;0.009385
1;0.105524;1.000000;0.562890;0.226774;0.000000
1;0.367829;0.873108;0.481176;0.000000;0.096673
1;0.282941;0.732475;0.159626;0.098832;0.005290
1;0.010787;0.600131;0.847556;0.023776;0.126021
1;0.007987;0.641708;0.963411;0.000000;0.133012
1;0.000000;0.823563;0.858778;0.004492;0.034705
1;0.262805;0.796256;0.173000;0.000000;0.018261
1;0.026118;0.825448;0.559513;0.005641;0.138447
1;0.427162;0.517781;0.168525;0.249843;0.000000
1;0.072880;0.951955;0.582049;0.009626;0.041482
1;0.098802;0.785559;0.882173;0.166116;0.034592
1;0.168006;0.775514;0.199190;0.117307;0.013731
1;0.062413;0.946973;0.572922;0.243352;0.000000
1;0.471988;0.634891;0.000000;0.093057;0.098353
1;0.054921;0.928408;0.246337;0.126283;0.074594
1;0.211881;0.685851;0.424191;0.044534;0.130054
1;0.114806;0.905069;0.655848;0.000000;0.039150
1;0.010486;0.899145;0.544845;0.192355;0.116591
1;0.033767;0.975954;0.192149;0.046880;0.033431
1;0.032060;0.793748;0.064820;0.174258;0.092335
1;0.172793;0.822052;0.692326;0.042761;0.000000
1;0.212537;0.719839;0.000000;0.063784;0.331382
1;0.157545;0.841725;0.306449;0.168856;0.000000
1;0.208256;0.873228;0.170039;0.094638;0.000000
1;0.237174;0.704554;0.128985;0.020843;0.203610
1;0.392949;0.442767;0.171654;0.282128;0.000000
1;0.000000;0.979657;0.491192;0.076326;0.006764
1;0.236902;0.711950;0.422185;0.002385;0.000000
1;0.269975;0.765874;0.415416;0.029769;0.018986
1;0.047924;0.947474;0.236434;0.160610;0.049158
1;0.041494;0.841088;0.463830;0.060612;0.006549
1;0.000000;1.000000;0.561983;0.089648;0.068897
1;0.303790;0.878602;0.212205;0.016481;0.050764
1;0.175377;0.745922;0.475448;0.072420;0.008175
1;0.055904;0.967088;0.079426;0.023154;0.309541
1;0.169261;0.800467;0.661998;0.111283;0.000000
1;0.197918;0.679330;0.000000;0.112976;0.303897
1;0.239143;0.785279;0.105707;0.032688;0.028079
1;0.241406;0.765056;0.285231;0.116579;0.000000
1;0.085245;0.856869;0.532129;0.027683;0.136058
1;0.000000;0.989971;0.715668;0.043338;0.016549
1;0.192488;0.899888;0.230888;0.000000;0.028032
1;0.130645;0.980887;0.109630;0.134724;0.000000
1;0.000000;0.923132;0.247868;0.204943;0.008960
1;0.035607;1.000000;0.556722;0.055498;0.000000
1;0.000000;0.970843;0.349134;0.045655;0.044955
1;0.041106;0.888597;0.571032;0.136262;0.000000
1;0.473558;0.811389;0.174970;0.045364;0.000000
1;0.012820;1.000000;0.385416;0.000000;0.126419
1;0.327477;0.882048;0.482356;0.028767;0.073217
1;0.323013;0.744983;0.117836;0.082381;0.019447
1;0.050831;0.997444;0.269414;0.054140;0.038042
1;0.217680;0.728002;0.589389;0.044026;0.000000
1;0.020342;0.907535;0.296064;0.000000;0.064117
1;0.017446;0.803751;0.705176;0.091179;0.017569
1;0.000000;0.822418;0.874211;0.000000;0.038374
1;0.267660;0.870789;0.170930;0.007998;0.102203
1;0.065413;0.795484;0.078612;0.156166;0.087777
1;0.241356;0.763258;0.500009;0.064216;0.054108
1;0.212504;0.915460;0.255290;0.011247;0.000000
1;0.000000;1.000000;0.553824;0.149129;0.038145
1;0.381728;0.730197;0.059889;0.078784;0.122927
1;0.217502;0.828173;0.222494;0.000000;0.040616
1;0.046220;0.951156;0.669090;0.000000;0.000000
1;0.156877;0.856635;0.867327;0.222412;0.117077
