5|0.000000|0.834908|0.000000|1.000000
5|0.000000|0.814940|0.000000|1.000000
5|0.000000|0.835653|0.000000|1.000000
5|0.000000|0.830170|0.000000|1.000000
5|0.024128|0.812778|0.000000|1.000000
5|0.000000|0.816753|0.000000|1.000000
5|0.000000|0.835359|0.000000|1.000000
5|0.000000|0.815709|0.000000|1.000000
5|0.017005|0.829217|0.000000|0.875702
5|0.011022|0.809038|0.000000|1.000000
5|0.000000|0.831034|0.000000|1.000000
5|0.000000|0.830469|0.000000|1.000000
5|0.000000|0.812738|0.000000|1.000000
5|0.000000|0.829575|0.000000|1.000000
5|0.000000|0.831824|0.000000|1.000000
5|0.000000|0.823380|0.000000|1.000000
5|0.000000|0.822650|0.000000|1.000000
5|0.000000|0.830392|0.000000|1.000000
5|0.000000|0.815506|0.000000|1.000000
5|0.000000|0.827797|0.000000|1.000000
5|0.000000|0.832217|0.000000|0.931805
5|0.000000|0.831517|0.000000|1.000000
5|0.000000|0.830786|0.000000|0.965978
5|0.000000|0.827945|0.000000|0.960991
5|0.000000|0.820845|0.000000|1.000000
5|0.000000|0.819413|0.000000|1.000000
5|0.000000|0.827738|0.000000|1.000000
5|0.010967|0.814197|0.000000|1.000000
5|0.000000|0.827101|0.000000|1.000000
5|0.000000|0.823609|0.000000|1.000000
5|0.000000|0.822342|0.000000|0.986740
5|0.000000|0.834034|0.000000|0.898836
5|0.000000|0.834844|0.000000|0.971070
5|0.012578|0.809879|0.000000|1.000000
5|0.000000|0.841201|0.000000|0.880508
5|0.000000|0.813379|0.000000|1.000000
5|0.000000|0.815337|0.000000|1.000000
5|0.000000|0.833134|0.000000|0.992398
5|0.000000|0.814848|0.000000|1.000000
5|0.000000|0.834217|0.000000|1.000000
5|0.000000|0.819058|0.000000|1.000000
5|0.018236|0.818974|0.000000|1.000000
5|0.000000|0.823193|0.000000|1.000000
5|0.000000|0.832593|0.000000|1.000000
5|0.000000|0.818947|0.000000|1.000000
5|0.000000|0.835776|0.000000|1.000000
5|0.000000|0.825310|0.000000|0.949628
5|0.000000|0.816422|0.000000|1.000000
5|0.000000|0.822204|0.000000|1.000000
5|0.000000|0.825401|0.000000|1.000000
5|0.000000|0.819453|0.000000|0.997519
5|0.000000|0.811516|0.000000|1.000000
5|0.000000|0.834176|0.000000|0.907627
5|0.000000|0.839476|0.000000|0.944810
5|0.012797|0.819728|0.000000|0.941710
5|0.000000|0.828274|0.000000|1.000000
5|0.018153|0.819889|0.000000|0.911115
5|0.000000|0.816524|0.000000|1.000000
5|0.000000|0.812249|0.000000|1.000000
5|0.000000|0.830503|0.000000|1.000000
5|0.000000|0.831289|0.000000|1.000000
5|0.049671|0.789348|0.000000|1.000000
5|0.017230|0.813747|0.000000|1.000000
5|0.000000|0.830152|0.000000|1.000000
5|0.000000|0.820540|0.000000|1.000000
5|0.000000|0.827128|0.000000|1.000000
5|0.000000|0.826867|0.000000|1.000000
5|0.000000|0.837667|0.000000|0.901865
5|0.000000|0.843138|0.000000|0.894901
5|0.000000|0.829604|0.000000|0.957650
5|0.000000|0.835108|0.000000|1.000000
5|0.022309|0.807187|0.000000|1.000000
5|0.000000|0.835029|0.000000|1.000000
5|0.002565|0.820800|0.000000|1.000000
5|0.013878|0.812924|0.000000|1.000000
5|0.000000|0.818184|0.000000|1.000000
5|0.000000|0.829985|0.000000|1.000000
5|0.000000|0.816756|0.000000|0.974839
5|0.000000|0.818692|0.000000|1.000000
5|0.000000|0.816680|0.000000|1.000000
5|0.020336|0.811581|0.000000|1.000000
5|0.000000|0.815821|0.000000|1.000000
5|0.000000|0.819109|0.000000|1.000000
5|0.000000|0.811876|0.000000|1.000000
5|0.000000|0.818804|0.000000|0.994093
5|0.000000|0.819969|0.000000|1.000000
5|0.000000|0.826856|0.000000|0.921336
5|0.000000|0.835815|0.000000|0.947636
5|0.000000|0.831637|0.000000|0.919679
5|0.000000|0.817369|0.000000|1.000000
5|0.000000|0.830083|0.000000|1.000000
5|0.006453|0.814376|0.000000|0.974619
5|0.000000|0.831177|0.000000|1.000000
5|0.000000|0.820805|0.000000|1.000000
5|0.000000|0.837434|0.000000|0.892829
5|0.040037|0.796557|0.000000|1.000000
5|0.000000|0.823318|0.000000|1.000000
5|0.027470|0.808529|0.000000|1.000000
5|0.000000|0.813367|0.000000|1.000000
5|0.000000|0.826861|0.000000|0.946048
5|0.000000|0.827675|0.000000|1.000000
5|0.000000|0.811637|0.000000|1.000000
5|0.000000|0.828983|0.000000|1.000000
5|0.000000|0.817727|0.000000|1.000000
5|0.000000|0.812245|0.000000|1.000000
5|0.000000|0.831178|0.000000|1.000000
5|0.000000|0.841530|0.000000|0.907344
5|0.000000|0.832177|0.000000|1.000000
5|0.000000|0.815237|0.000000|0.981172
5|0.000000|0.815716|0.000000|1.000000
5|0.000000|0.826337|0.000000|1.000000
5|0.000000|0.841821|0.000000|0.868021
5|0.000000|0.835905|0.000000|1.000000
5|0.000000|0.820607|0.000000|1.000000
5|0.000000|0.827619|0.000000|1.000000
5|0.000000|0.832017|0.000000|0.897129
5|0.000000|0.833645|0.000000|1.000000
5|0.000000|0.812295|0.000000|1.000000
5|0.000000|0.824514|0.000000|1.000000
5|0.000000|0.843463|0.000000|0.887200
5|0.000000|0.825442|0.000000|1.000000
5|0.000000|0.834785|0.000000|1.000000
5|0.000000|0.819550|0.000000|0.989465
5|0.000000|0.811486|0.000000|1.000000
5|0.000000|0.836132|0.000000|1.000000
5|0.000000|0.841674|0.000000|0.878560
5|0.000000|0.815259|0.000000|0.997648
5|0.010861|0.810793|0.000000|1.000000
5|0.000000|0.824649|0.000000|1.000000
5|0.000000|0.818926|0.000000|1.000000
5|0.000000|0.813283|0.000000|1.000000
5|0.000000|0.832586|0.000000|1.000000
5|0.000000|0.821650|0.000000|0.952282
5|0.000000|0.824907|0.000000|1.000000
5|0.000000|0.827953|0.000000|1.000000
5|0.000000|0.823543|0.000000|1.000000
5|0.000000|0.828191|0.000000|1.000000
5|0.000000|0.831821|0.000000|1.000000
5|0.000000|0.815647|0.000000|1.000000
5|0.000000|0.818889|0.000000|1.000000
5|0.000000|0.826800|0.000000|0.986108
5|0.000000|0.832055|0.000000|1.000000
5|0.000000|0.821960|0.000000|1.000000
5|0.000000|0.834710|0.000000|1.000000
5|0.000000|0.831129|0.000000|1.000000
5|0.000000|0.831304|0.000000|1.000000
5|0.009476|0.809605|0.000000|1.000000
5|0.000000|0.825395|0.000000|1.000000
5|0.000000|0.832793|0.000000|1.000000
5|0.000000|0.825345|0.000000|1.000000
5|0.000000|0.828323|0.000000|0.941942
5|0.000000|0.812032|0.000000|1.000000
5|0.000000|0.832282|0.000000|1.000000
5|0.000000|0.812820|0.000000|1.000000
5|0.000000|0.824475|0.000000|1.000000
5|0.000000|0.831400|0.000000|1.000000
5|0.000000|0.819324|0.000000|1.000000
5|0.000000|0.829530|0.000000|1.000000
5|0.000000|0.818830|0.000000|0.963171
5|0.000000|0.833870|0.000000|1.000000
5|0.000000|0.830038|0.000000|1.000000
5|0.000000|0.819001|0.000000|1.000000
5|0.000000|0.832139|0.000000|1.000000
5|0.000000|0.818976|0.000000|1.000000
5|0.000000|0.830166|0.000000|1.000000
5|0.000000|0.826169|0.000000|1.000000
5|0.000000|0.820351|0.000000|1.000000
5|0.000000|0.817987|0.000000|1.000000
5|0.000000|0.821381|0.000000|1.000000
5|0.041156|0.792588|0.000000|1.000000
5|0.000000|0.819958|0.000000|0.973747
5|0.010239|0.813127|0.000000|1.000000
5|0.000000|0.832807|0.000000|0.914368
5|0.000000|0.831215|0.000000|1.000000
5|0.000000|0.827572|0.000000|1.000000
5|0.003651|0.819009|0.000000|1.000000
5|0.000000|0.827690|0.000000|1.000000
5|0.000000|0.833555|0.000000|0.919897
5|0.000000|0.833410|0.000000|1.000000
5|0.000000|0.831785|0.000000|1.000000
5|0.000000|0.835645|0.000000|1.000000
5|0.031354|0.799292|0.000000|1.000000
5|0.000000|0.817711|0.000000|1.000000
5|0.000000|0.817401|0.000000|1.000000
5|0.000000|0.817350|0.000000|1.000000
5|0.000000|0.816107|0.000000|1.000000
5|0.000000|0.835715|0.000000|1.000000
5|0.000000|0.839815|0.000000|0.923046
5|0.000000|0.815029|0.000000|1.000000
5|0.000000|0.821079|0.000000|0.998953
5|0.000000|0.835820|0.000000|0.992009
5|0.000000|0.820132|0.000000|1.000000
5|0.000000|0.813248|0.000000|1.000000
5|0.000000|0.817201|0.000000|1.000000
5|0.000000|0.825786|0.000000|1.000000
5|0.000000|0.832100|0.000000|1.000000
5|0.000000|0.831689|0.000000|1.000000
5|0.000000|0.835487|0.000000|1.000000
5|0.000000|0.819007|0.000000|1.000000
5|0.000000|0.833561|0.000000|1.000000
5|0.000000|0.812257|0.000000|1.000000
5|0.000000|0.824415|0.000000|0.987915
5|0.000000|0.831990|0.000000|0.985247
5|0.000000|0.816669|0.000000|1.000000
5|0.000000|0.820554|0.000000|0.974034
5|0.000000|0.827057|0.000000|1.000000
5|0.000000|0.815297|0.000000|1.000000
5|0.000000|0.813581|0.000000|1.000000
5|0.000000|0.814468|0.000000|1.000000
5|0.000000|0.843555|0.000000|0.900718
5|0.000000|0.831261|0.000000|0.909580
5|0.000000|0.831671|0.000000|0.897614
5|0.000000|0.826465|0.000000|1.000000
5|0.000000|0.841654|0.000000|0.922898
5|0.000000|0.838484|0.000000|0.967208
5|0.000000|0.835848|0.000000|0.990935
5|0.000000|0.832909|0.000000|1.000000
5|0.000000|0.831920|0.000000|1.000000
5|0.000000|0.819310|0.000000|1.000000
5|0.000000|0.818410|0.000000|1.000000
5|0.000000|0.828895|0.000000|0.948012
5|0.000000|0.831052|0.000000|1.000000
5|0.000000|0.832486|0.000000|0.948643
5|0.000000|0.828370|0.000000|0.997476
5|0.000000|0.818120|0.000000|1.000000
5|0.000000|0.822068|0.000000|1.000000
5|0.000000|0.821572|0.000000|0.977244
5|0.006884|0.820014|0.000000|0.938360
5|0.000000|0.818655|0.000000|0.978215
5|0.000000|0.833707|0.000000|1.000000
5|0.000000|0.823860|0.000000|0.973382
5|0.000000|0.814357|0.000000|0.995088
5|0.000000|0.823723|0.000000|1.000000
5|0.000000|0.826933|0.000000|0.928288
5|0.000000|0.827942|0.000000|1.000000
5|0.000000|0.814355|0.000000|1.000000
5|0.000000|0.820476|0.000000|1.000000
5|0.000000|0.819424|0.000000|1.000000
5|0.000000|0.814905|0.000000|1.000000
5|0.000000|0.841002|0.000000|0.896268
5|0.000000|0.830838|0.000000|1.000000
5|0.000000|0.817827|0.000000|1.000000
5|0.000000|0.811960|0.000000|1.000000
5|0.059173|0.780062|0.000000|0.999410
5|0.000000|0.833498|0.000000|1.000000
5|0.000000|0.814119|0.000000|1.000000
5|0.000000|0.812217|0.000000|1.000000
5|0.000000|0.812578|0.000000|1.000000
5|0.000000|0.819533|0.000000|1.000000
5|0.000000|0.821287|0.000000|1.000000
5|0.000000|0.837157|0.000000|0.954130
5|0.000000|0.811910|0.000000|1.000000
5|0.000000|0.832823|0.000000|1.000000
5|0.000000|0.825252|0.000000|1.000000
5|0.000000|0.837629|0.000000|0.895235
5|0.026016|0.802382|0.000000|1.000000
5|0.000000|0.815368|0.000000|0.979505
5|0.000000|0.834600|0.000000|0.964905
5|0.000000|0.822653|0.000000|1.000000
5|0.047074|0.791839|0.000000|1.000000
5|0.000000|0.822212|0.000000|1.000000
5|0.005840|0.815425|0.000000|1.000000
5|0.000000|0.828962|0.000000|1.000000
5|0.000000|0.815230|0.000000|0.983058
5|0.002388|0.819349|0.000000|1.000000
5|0.000000|0.818369|0.000000|1.000000
5|0.000000|0.821924|0.000000|1.000000
5|0.000000|0.828734|0.000000|0.970321
5|0.000000|0.836301|0.000000|0.949806
5|0.000000|0.817039|0.000000|1.000000
5|0.000000|0.825046|0.000000|0.948110
5|0.000000|0.824506|0.000000|1.000000
5|0.000000|0.830532|0.000000|1.000000
5|0.000000|0.823501|0.000000|1.000000
5|0.000000|0.822496|0.000000|1.000000
5|0.000000|0.826945|0.000000|0.937161
5|0.000000|0.835170|0.000000|1.000000
5|0.000000|0.826832|0.000000|1.000000
5|0.000000|0.835573|0.000000|1.000000
5|0.000000|0.833058|0.000000|0.955192
5|0.000000|0.815311|0.000000|1.000000
5|0.000000|0.820289|0.000000|1.000000
5|0.000000|0.820302|0.000000|1.000000
5|0.000000|0.836038|0.000000|1.000000
5|0.000000|0.823609|0.000000|1.000000
5|0.000000|0.814007|0.000000|1.000000
5|0.000000|0.825922|0.000000|1.000000
5|0.000000|0.831633|0.000000|1.000000
5|0.000000|0.828522|0.000000|1.000000
5|0.001811|0.811992|0.000000|1.000000
5|0.000000|0.828288|0.000000|1.000000
5|0.000000|0.815509|0.000000|0.979257
5|0.000000|0.814022|0.000000|1.000000
5|0.000000|0.815861|0.000000|1.000000
5|0.000000|0.817141|0.000000|1.000000
5|0.000000|0.839903|0.000000|0.948900
5|0.000000|0.831903|0.000000|1.000000
5|0.000000|0.830944|0.000000|1.000000
5|0.010845|0.815589|0.000000|1.000000
5|0.000000|0.824233|0.000000|1.000000
5|0.000000|0.823581|0.000000|1.000000
5|0.000000|0.820063|0.000000|1.000000
5|0.000000|0.816789|0.000000|1.000000
5|0.000000|0.818337|0.000000|1.000000
5|0.000000|0.821038|0.000000|1.000000
5|0.000000|0.830800|0.000000|1.000000
5|0.000000|0.826846|0.000000|1.000000
5|0.000000|0.821159|0.000000|1.000000
5|0.012908|0.824795|0.000000|0.914329
5|0.000000|0.814704|0.000000|1.000000
5|0.002455|0.813034|0.000000|1.000000
5|0.000000|0.836768|0.000000|0.921158
5|0.021964|0.812065|0.000000|1.000000
5|0.000000|0.831364|0.000000|1.000000
5|0.000000|0.830088|0.000000|1.000000
5|0.000000|0.812116|0.000000|1.000000
5|0.000000|0.830000|0.000000|1.000000
5|0.000000|0.817425|0.000000|1.000000
5|0.000000|0.840794|0.000000|0.872016
5|0.000000|0.830323|0.000000|1.000000
5|0.000000|0.824787|0.000000|0.964461
5|0.000000|0.838824|0.000000|0.902376
5|0.000000|0.817754|0.000000|1.000000
5|0.000000|0.811466|0.000000|1.000000
5|0.000000|0.815088|0.000000|1.000000
5|0.000000|0.812036|0.000000|1.000000
5|0.000000|0.827946|0.000000|0.924442
5|0.000000|0.830190|0.000000|1.000000
5|0.000000|0.817982|0.000000|1.000000
5|0.006500|0.828286|0.000000|0.937655
5|0.000000|0.832367|0.000000|1.000000
5|0.000000|0.823394|0.000000|1.000000
5|0.000000|0.826989|0.000000|1.000000
5|0.000000|0.818742|0.000000|1.000000
5|0.000000|0.833568|0.000000|1.000000
5|0.000000|0.827380|0.000000|1.000000
5|0.000000|0.821417|0.000000|1.000000
5|0.000000|0.825415|0.000000|0.987119
5|0.000000|0.813959|0.000000|0.998269
5|0.010063|0.807203|0.000000|1.000000
5|0.000000|0.839900|0.000000|0.919641
5|0.000000|0.836040|0.000000|1.000000
5|0.000000|0.828465|0.000000|1.000000
5|0.016815|0.805800|0.000000|1.000000
5|0.000000|0.816021|0.000000|1.000000
5|0.000000|0.825550|0.000000|1.000000
5|0.000000|0.821921|0.000000|1.000000
5|0.001513|0.816882|0.000000|1.000000
5|0.000000|0.826252|0.000000|1.000000
5|0.000000|0.834589|0.000000|0.926620
5|0.000000|0.827062|0.000000|1.000000
5|0.000000|0.836204|0.000000|1.000000
5|0.000000|0.825295|0.000000|1.000000
5|0.000000|0.829691|0.000000|1.000000
5|0.037366|0.796051|0.000000|1.000000
5|0.000000|0.833562|0.000000|1.000000
5|0.000000|0.825128|0.000000|1.000000
5|0.000000|0.820340|0.000000|1.000000
5|0.033873|0.801668|0.000000|1.000000
5|0.025365|0.805134|0.000000|1.000000
5|0.000000|0.825406|0.000000|1.000000
5|0.000000|0.825815|0.000000|1.000000
5|0.000000|0.831722|0.000000|0.990490
5|0.000000|0.831398|0.000000|1.000000
5|0.000000|0.829888|0.000000|1.000000
5|0.000000|0.832613|0.000000|0.939292
5|0.000000|0.832766|0.000000|0.906164
5|0.000000|0.832404|0.000000|1.000000
5|0.000000|0.816387|0.000000|1.000000
5|0.000000|0.839029|0.000000|0.919922
5|0.000000|0.835440|0.000000|0.900352
5|0.000000|0.811709|0.000000|1.000000
5|0.000000|0.827822|0.000000|1.000000
5|0.000000|0.831247|0.000000|1.000000
5|0.000000|0.834128|0.000000|0.951595
5|0.000000|0.817563|0.000000|1.000000
5|0.000000|0.821275|0.000000|1.000000
5|0.000000|0.833034|0.000000|1.000000
5|0.000000|0.830517|0.000000|1.000000
5|0.000000|0.828177|0.000000|0.976179
5|0.000000|0.841096|0.000000|0.897607
5|0.000000|0.812885|0.000000|1.000000
5|0.000000|0.812749|0.000000|1.000000
5|0.012811|0.818513|0.000000|1.000000
5|0.000000|0.812918|0.000000|1.000000
5|0.000000|0.814282|0.000000|1.000000
5|0.000000|0.821611|0.000000|1.000000
5|0.000000|0.828318|0.000000|0.948556
5|0.000000|0.814110|0.000000|1.000000
5|0.000000|0.818068|0.000000|1.000000
5|0.000000|0.834796|0.000000|0.937074
5|0.004014|0.828542|0.000000|1.000000
5|0.000000|0.834665|0.000000|0.937103
5|0.000000|0.831997|0.000000|1.000000
5|0.000000|0.824260|0.000000|1.000000
5|0.000000|0.831128|0.000000|0.996906
5|0.000000|0.821726|0.000000|1.000000
5|0.000000|0.832107|0.000000|0.942307
