0.012204;0.946245;0.616518;0.177115;0.000000
0.024884;0.972770;0.136917;0.138718;0.005739
0.026005;0.777042;0.754862;0.013583;0.089146
0.258788;0.750717;0.318006;0.170115;0.000000
0.010713;1.000000;0.535822;0.171369;0.000000
0.158390;0.929676;0.590246;0.000000;0.010940
0.116400;0.876423;0.148821;0.203992;0.030323
0.257829;0.823371;0.170237;0.056862;0.000000
0.259014;0.797917;0.237798;0.031337;0.082706
0.000000;0.944428;0.438078;0.034685;0.233323
0.438476;0.630797;0.003745;0.002584;0.045960
0.056136;0.932400;0.285161;0.169160;0.017814
0.459534;0.633339;0.039463;0.200477;0.000000
0.361067;0.621815;0.000000;0.219839;0.040452
0.465489;0.508036;0.145308;0.258179;0.016094
0.298478;0.842171;0.178285;0.000000;0.067360
0.191732;0.811022;0.152716;0.000000;0.081421
0.161612;0.902380;0.230687;0.121384;0.021554
0.224041;0.756787;0.474754;0.019031;0.031517
0.058801;0.950197;0.213901;0.105163;0.000000
0.470408;0.772561;0.649029;0.037370;0.000000
0.247422;0.777915;0.226779;0.000000;0.045464
0.282402;0.929057;0.202182;0.014722;0.048115
0.308634;0.653789;0.097178;0.084772;0.208198
0.000000;0.941055;0.223560;0.064505;0.091503
0.061870;0.729195;0.856552;0.026904;0.103256
0.198795;0.798495;0.594787;0.066492;0.000000
0.222542;0.789779;0.742867;0.000000;0.000000
0.362432;0.747277;0.160853;0.054619;0.203083
0.093581;0.926710;0.379456;0.189766;0.015324
0.226113;0.760350;0.512668;0.005157;0.013460
0.031481;0.979065;0.396014;0.066414;0.024683
0.121481;0.690755;0.672577;0.108857;0.253112
0.149868;0.840133;0.218524;0.166660;0.047306
0.106115;1.000000;0.428496;0.241968;0.035631
0.136951;0.752681;0.166309;0.160630;0.134755
0.000000;0.655734;0.885983;0.124424;0.130722
0.085123;0.919353;0.264583;0.029843;0.097145
0.104875;0.972077;0.051413;0.267340;0.051186
0.235924;0.776370;0.231791;0.105341;0.062322
0.040455;0.860850;0.397978;0.019191;0.068312
0.209691;0.730396;0.487615;0.014119;0.051001
0.095880;0.815640;0.742368;0.004968;0.014098
0.187453;0.881630;0.234671;0.017835;0.000000
0.088899;0.942289;0.377977;0.000000;0.000000
0.267842;0.804399;0.330148;0.094420;0.003405
0.332783;0.776200;0.128851;0.044599;0.061235
0.025577;0.884836;0.286780;0.000000;0.100714
0.349308;0.673882;0.284905;0.055490;0.117344
0.045356;0.936161;0.575024;0.207689;0.018357
0.457992;0.585485;0.095308;0.015886;0.147264
0.264641;0.763333;0.044624;0.039267;0.219263
0.157775;0.988122;0.029091;0.287613;0.077867
0.202726;0.745923;0.482645;0.000000;0.000000
0.200595;0.741869;0.045988;0.070292;0.287901
0.235964;0.835119;0.105373;0.000000;0.000000
0.068917;0.914999;0.159793;0.065587;0.000000
0.020775;0.827818;0.579865;0.000000;0.147060
0.042302;0.969697;0.638042;0.018514;0.056954
0.136656;0.833133;0.196963;0.060557;0.000000
0.300838;0.852257;0.304233;0.037000;0.009040
0.390062;0.528072;0.195409;0.241973;0.019129
0.152737;0.900165;0.301494;0.036065;0.052379
0.376052;0.710066;0.030280;0.007191;0.146257
0.306638;0.811333;0.353448;0.000000;0.047278
0.184956;0.774121;0.634848;0.040278;0.000000
0.189026;0.767013;0.474514;0.036694;0.049983
0.001873;0.947455;0.403901;0.173091;0.023983
0.429269;0.766217;0.201803;0.000000;0.000000
0.000000;0.856918;0.669150;0.126005;0.012648
0.049793;0.851166;0.103596;0.167278;0.048336
0.094917;0.740947;0.509232;0.157233;0.057729
0.167014;0.709690;0.528665;0.024594;0.065542
0.000000;0.842339;0.374042;0.050826;0.006854
0.193049;0.725590;0.065486;0.029701;0.315652
0.118495;0.798630;0.636470;0.015088;0.045417
0.236954;0.681321;0.062158;0.096090;0.224225
0.164779;0.874659;0.347526;0.000000;0.069187
0.161014;0.937876;0.591111;0.053363;0.041819
0.028940;0.815966;0.533096;0.120768;0.115278
0.307310;0.876573;0.295422;0.037029;0.000000
0.000000;0.931454;0.036532;0.018322;0.280674
0.312356;0.842061;0.122017;0.000000;0.102958
0.054924;0.902903;0.613851;0.000000;0.032457
0.299333;0.743512;0.103804;0.000000;0.173279
0.247130;0.782171;0.442956;0.003310;0.057010
0.434177;0.689578;0.089283;0.116839;0.007299
0.000000;0.774280;0.544430;0.000000;0.043990
0.354856;0.743728;0.138631;0.000000;0.000000
0.040215;0.952178;0.255957;0.121692;0.088919
0.000791;0.900637;0.715205;0.092823;0.072136
0.093991;0.899547;0.595856;0.178922;0.011642
0.272402;0.793062;0.166283;0.058471;0.041721
0.184680;0.953791;0.103399;0.064634;0.008512
0.228158;0.710859;0.507051;0.044817;0.034893
0.148541;0.802832;0.690376;0.040993;0.031153
0.135865;0.885913;0.040031;0.000000;0.000000
0.109065;0.887913;0.718520;0.043425;0.000000
0.277324;0.822132;0.211191;0.029465;0.000000
0.112002;0.850729;0.618889;0.037238;0.046686
