3;0.000000;0.969414;0.399589;0.128712;0.028150
3;0.013756;0.941930;0.443768;0.153198;0.000000
3;0.327111;0.853724;0.601373;0.000000;0.022898
2;0.000000;0.917619;0.622355;0.000000;0.000000
2;0.062663;0.989627;0.417104;0.120783;0.130178
2;0.175208;0.879092;0.522683;0.036096;0.070253
2;0.030342;0.768186;0.873161;0.072037;0.022118
2;0.026229;0.917729;0.000000;0.000000;0.201119
2;0.427386;0.911847;0.133992;0.000000;0.060649
2;0.095999;0.776504;0.268869;0.063109;0.121212
2;0.200594;0.785894;0.622794;0.000000;0.020043
2;0.005880;1.000000;0.455047;0.157879;0.044867
2;0.278576;0.714184;0.557301;0.189600;0.000000
2;0.070671;0.930836;0.175518;0.175298;0.054167
2;0.000000;0.993670;0.036875;0.000000;0.000000
2;0.240436;0.756011;0.218073;0.062424;0.077323
2;0.296769;0.857426;0.614481;0.040159;0.000000
2;0.053148;0.936859;0.425906;0.084008;0.044573
2;0.262000;0.862772;0.361389;0.044185;0.000000
2;0.419828;0.924041;0.114938;0.027423;0.000000
2;0.000000;0.469603;1.000000;0.107894;0.335807
1;0.156047;0.901467;0.005665;0.272879;0.068531
1;0.197501;0.767965;0.630894;0.047317;0.000000
1;0.032212;0.940918;0.353660;0.087729;0.027473
1;0.061077;1.000000;0.009851;0.123629;0.245918
1;0.040659;0.951673;0.000000;0.098875;0.048054
1;0.000000;1.000000;0.560740;0.093284;0.000000
1;0.126893;0.710790;0.302654;0.034622;0.108239
1;0.076330;0.941867;0.631053;0.000000;0.034329
1;0.429067;0.709837;0.147102;0.008718;0.071089
1;0.227837;0.822085;0.270746;0.000000;0.001721
1;0.020006;0.824720;0.743909;0.000000;0.154938
1;0.168063;0.924152;0.173286;0.082878;0.000000
1;0.411535;0.726570;0.051488;0.022293;0.086580
1;0.000000;0.806171;0.555403;0.217402;0.000000
1;0.314403;0.937123;0.660442;0.066857;0.184724
1;0.065223;0.766542;0.105433;0.251364;0.064375
1;0.398336;0.949877;0.159318;0.000000;0.000000
1;0.053313;0.819449;0.537092;0.102351;0.008152
1;0.541912;0.508912;0.077147;0.236899;0.000000
1;0.000000;0.991839;0.354458;0.163462;0.000000
1;0.846167;0.189711;1.000000;0.135491;0.000000
1;0.056566;0.759014;0.007172;0.245999;0.076143
1;0.232629;0.602499;0.018474;0.192086;0.082595
1;0.099799;0.986127;0.000000;0.036992;0.155335
1;0.000000;0.804114;1.000000;0.064970;0.093323
1;0.221168;0.905172;0.104977;0.024973;0.000000
1;0.371580;0.809440;0.555218;0.000000;0.040114
1;0.000000;0.852698;0.062852;0.260749;0.026710
1;0.275023;0.717957;0.064799;0.012560;0.215920
1;0.000000;0.687602;0.870558;0.090983;0.213556
1;0.003360;1.000000;0.041072;0.147196;0.039557
1;0.004950;0.950069;0.000000;0.053554;0.000000
1;0.015396;0.886488;0.645018;0.059917;0.000000
1;0.817291;0.405309;0.726983;0.004107;0.000000
1;0.055800;0.996851;0.413101;0.184159;0.068537
1;0.047834;0.923620;0.552246;0.022694;0.094467
1;0.000000;0.950456;0.527347;0.182602;0.070939
1;0.000000;1.000000;0.647556;0.000000;0.000440
1;0.000000;1.000000;0.142290;0.152961;0.082492
1;0.021289;0.755063;0.450729;0.132173;0.017399
1;0.162426;0.903551;0.115928;0.045681;0.025173
1;0.080005;0.590790;0.761398;0.075286;0.134022
1;0.472503;0.888533;0.173397;0.057354;0.027516
1;0.000000;1.000000;0.432879;0.042569;0.000000
1;0.492623;0.646195;0.019151;0.174815;0.000000
1;0.014701;0.941217;0.369014;0.077587;0.000000
1;0.141982;0.742420;0.240333;0.000000;0.172951
1;0.053304;0.933056;0.267655;0.151173;0.092936
1;0.014500;0.985874;0.075652;0.211007;0.135626
1;0.185613;0.748043;0.476006;0.036321;0.027675
1;0.209969;0.627602;0.000000;0.096716;0.220274
1;0.215219;0.760911;0.267312;0.079791;0.058868
1;0.203087;0.780865;0.061650;0.131851;0.119859
1;0.287998;0.579051;0.725331;0.000000;0.075939
1;0.030255;0.828303;0.801990;0.180962;0.035384
1;0.187255;0.781308;0.866194;0.005849;0.009601
1;0.355155;0.679776;0.082086;0.027862;0.046626
1;0.015205;1.000000;0.475286;0.076097;0.000000
1;0.421895;0.734321;0.118183;0.069571;0.000000
1;0.525832;0.499841;0.132535;0.182233;0.008968
1;0.127047;0.875927;0.432086;0.019834;0.014138
1;0.121050;0.699242;0.332121;0.000000;0.115317
1;0.000000;1.000000;0.283085;0.031323;0.078109
1;0.171669;0.729048;0.252019;0.079535;0.113958
1;0.000000;0.931049;0.000000;0.030902;0.144370
1;0.379569;0.525129;0.122103;0.028685;0.141899
1;0.140371;0.838966;0.645050;0.000000;0.029284
1;0.206037;0.788669;0.660857;0.061246;0.008545
1;0.163627;1.000000;0.075061;0.139884;0.059386
1;0.090435;0.595292;1.000000;0.057140;0.068778
1;0.097992;0.576335;0.859808;0.022463;0.237046
1;0.380476;0.625163;0.072674;0.120018;0.040681
1;0.161538;0.837607;0.549913;0.041975;0.000000
1;0.385540;0.700303;0.118793;0.038400;0.001737
1;0.012848;0.563614;0.972363;0.046200;0.296738
1;0.037551;0.747356;0.718436;0.058293;0.142542
1;0.020375;0.758798;0.960374;0.000000;0.075629
1;0.067138;0.803070;0.448997;0.138828;0.000000
1;0.298223;0.697017;0.069185;0.000000;0.150923
1;0.219296;0.803450;0.361172;0.048117;0.046721
1;0.242549;0.730148;0.227603;0.000000;0.070469
1;0.033607;0.697481;0.844509;0.040186;0.111313
1;0.149309;0.781876;0.489660;0.097156;0.062240
1;0.110180;0.651784;0.909278;0.016319;0.198687
1;0.074960;0.820645;0.014895;0.193593;0.016826
1;0.000000;1.000000;0.635475;0.000000;0.000000
1;0.093095;0.758450;0.098535;0.258725;0.000000
1;0.339327;0.659980;0.032404;0.054083;0.227164
1;0.000000;0.918006;0.037537;0.044627;0.149797
1;0.313256;0.751444;0.541197;0.009460;0.042630
1;0.075884;0.773919;0.943138;0.192049;0.043105
1;0.460221;0.624021;0.079601;0.046967;0.003142
1;0.033961;0.923622;0.594272;0.010777;0.000000
1;0.143505;0.721600;0.275009;0.000000;0.200210
1;0.334299;0.704471;0.174067;0.070997;0.001906
1;0.244746;0.534951;0.000000;0.181167;0.149455
1;0.026960;0.948731;0.102947;0.199358;0.028126
1;0.253853;0.783090;0.479106;0.152589;0.040866
1;0.000000;0.502897;1.000000;0.062444;0.269295
1;0.287980;0.632831;0.821785;0.051229;0.035669
1;0.207402;0.872651;0.131246;0.000000;0.000000
1;0.080264;0.909119;0.355020;0.204587;0.084994
1;0.000000;0.982978;0.598382;0.119224;0.008038
1;0.000000;0.996530;0.466933;0.076655;0.008946
1;0.009008;0.968227;0.119087;0.012087;0.121234
1;0.000000;0.950684;0.000000;0.168676;0.022600
1;0.569715;0.853361;0.161262;0.001508;0.190853
1;0.000000;0.940770;0.513331;0.162637;0.000000
1;0.057333;0.940531;0.078916;0.086849;0.048795
1;0.000000;0.926187;0.356809;0.168977;0.000000
1;0.055477;0.964074;0.000000;0.197512;0.241858
1;0.110436;0.748580;0.258988;0.000000;0.176617
1;0.127496;0.870290;0.000000;0.192402;0.130177
1;0.341443;0.581074;0.054322;0.107201;0.154365
1;0.206917;0.817065;0.507061;0.000000;0.000000
1;0.081403;0.932630;0.034108;0.127186;0.030982
1;0.253940;0.802988;0.510726;0.038692;0.000000
1;0.000000;0.899946;0.534855;0.166238;0.000000
1;0.017593;0.724876;1.000000;0.000000;0.070757
1;0.400440;0.668055;0.107317;0.151248;0.175836
1;0.050151;0.915506;0.046988;0.036745;0.141113
1;0.276695;0.739156;0.097690;0.000000;0.181540
1;0.031233;0.721431;1.000000;0.000000;0.178997
1;0.486239;0.682377;0.052234;0.064472;0.091642
1;0.131651;0.689797;0.794096;0.000000;0.007623
1;0.015909;0.927833;0.000000;0.113977;0.039256
1;0.062225;0.761283;0.928439;0.087967;0.033878
1;0.000000;0.662357;0.772299;0.084004;0.437509
1;0.206856;0.784857;0.494379;0.095544;0.035361
1;0.013821;0.668019;0.729048;0.127534;0.276041
1;0.200315;0.821388;0.479353;0.000000;0.000000
1;0.000000;0.931360;0.579231;0.002849;0.000000
1;0.398425;0.629087;0.162161;0.042774;0.013373
1;0.087936;0.978778;0.063457;0.000000;0.184852
1;0.016756;1.000000;0.095988;0.249758;0.040395
1;0.377776;0.779423;0.112627;0.011390;0.039937
1;0.266041;0.661382;0.390812;0.058058;0.000000
1;0.359417;0.653203;0.115358;0.076601;0.215859
1;0.057274;0.734757;0.830663;0.000000;0.089228
1;0.329077;0.725401;0.054246;0.000000;0.172740
1;0.256311;0.861544;0.274937;0.079602;0.000000
1;0.376603;0.751492;0.098877;0.022411;0.073233
1;0.044576;0.891408;0.602027;0.014260;0.090403
1;0.368964;0.584242;0.113469;0.060959;0.122271
1;0.000330;1.000000;0.073856;0.000000;0.200265
1;0.137931;0.786766;0.738912;0.056741;0.062020
1;0.142949;0.822076;0.070639;0.275581;0.000000
1;0.560208;0.915946;0.126532;0.112631;0.208173
1;0.101037;0.854650;0.662504;0.001000;0.000000
1;0.101621;0.731829;0.843188;0.053611;0.038357
1;0.000000;1.000000;0.461651;0.110332;0.000000
1;0.168032;0.736046;0.262642;0.043661;0.206588
1;0.070239;0.951155;0.583516;0.000000;0.003576
1;0.153854;0.723624;0.570740;0.071370;0.000000
1;0.263594;0.672176;0.000000;0.009924;0.198196
1;0.363003;0.594254;0.053662;0.277810;0.057739
1;0.000000;0.811721;0.973299;0.053097;0.007658
1;0.291697;0.858007;0.382232;0.000000;0.047989
1;0.060249;0.564809;0.809362;0.108292;0.147233
1;0.414221;0.784671;0.052714;0.005583;0.183924
1;0.168586;0.880904;0.333357;0.055470;0.000000
1;0.422990;0.655218;0.094096;0.000000;0.128179
1;0.448747;0.579050;0.083597;0.075075;0.141635
1;0.000000;0.890510;0.000000;0.203303;0.000000
1;0.443878;0.832085;0.109450;0.012915;0.150058
1;0.106853;0.804608;0.836493;0.153923;0.021844
1;0.155558;0.763184;1.000000;0.019635;0.091166
1;0.340827;0.645762;0.174934;0.130709;0.000000
1;0.282483;0.621551;0.077146;0.095295;0.110853
1;0.375615;0.746578;0.069771;0.173204;0.047810
1;0.000000;0.589312;0.960409;0.000000;0.378653
1;0.306373;0.649021;0.068474;0.048104;0.122206
1;0.148474;0.806765;0.920156;0.068437;0.025307
1;0.054540;0.843342;0.698732;0.029789;0.169348
1;0.285178;0.773962;0.715884;0.000000;0.027234
1;0.049171;1.000000;0.078417;0.210213;0.034667
1;0.283944;0.916148;0.335270;0.030569;0.052283
1;0.496287;0.872764;0.184706;0.072467;0.017099
1;0.183497;0.859212;0.279857;0.000000;0.049806
1;0.000000;0.946919;0.613285;0.047371;0.011250
