0.046744;0.982405;0.940581;0.116961;0.000000
0.050336;0.966038;0.780194;0.146392;0.025072
0.042216;0.899856;0.357354;0.098735;0.062675
0.071791;0.921537;0.564328;0.196034;0.001203
0.014694;1.000000;0.428155;0.144861;0.011193
0.074171;0.904987;0.636830;0.195090;0.022528
0.015136;0.967166;0.433149;0.132018;0.001986
0.015541;0.859991;0.573086;0.099186;0.051230
0.108316;0.974487;0.159111;0.211882;0.013756
0.095666;1.000000;0.771320;0.203783;0.022398
0.088515;0.982547;0.797970;0.147455;0.030002
0.043002;1.000000;0.729373;0.150240;0.062039
0.085220;0.990353;0.656376;0.149744;0.039650
0.039207;1.000000;0.796222;0.153086;0.000000
0.157028;0.971572;0.495005;0.234794;0.091668
0.052738;0.934610;0.863323;0.120939;0.029118
0.119799;0.910193;0.234453;0.229279;0.067056
0.020445;0.956910;0.065603;0.104529;0.082944
0.086171;0.951283;0.233523;0.238768;0.000000
0.165831;0.987908;0.301700;0.318843;0.060906
0.123817;0.976967;0.509826;0.262225;0.019163
0.092719;0.997328;0.700669;0.182669;0.053095
0.063147;0.966061;0.881948;0.199779;0.000000
0.023389;0.989689;0.916945;0.138138;0.025386
0.144000;0.877155;0.905160;0.257726;0.011426
0.065967;0.979981;0.754913;0.159628;0.006758
0.058801;0.947696;0.954119;0.176018;0.031288
0.005124;1.000000;0.925787;0.138271;0.007193
0.046880;0.962639;0.757925;0.121806;0.129758
0.119234;0.977913;0.509767;0.241748;0.107025
0.020183;0.872758;0.335913;0.104293;0.043241
0.127546;0.865033;0.907388;0.199645;0.000301
0.066412;0.895562;0.923693;0.146631;0.000000
0.018074;0.964144;0.879492;0.119435;0.028515
0.027056;0.877957;0.530670;0.099503;0.010458
0.000765;0.888761;0.930099;0.106582;0.012854
0.084737;0.942344;0.614850;0.194440;0.005172
0.000000;0.946739;0.925629;0.158623;0.008583
0.006452;0.894298;0.500114;0.102069;0.021323
0.038764;0.828204;0.317242;0.170714;0.000000
0.149821;0.947681;0.542001;0.193029;0.000000
0.000000;0.918465;0.956576;0.117350;0.031459
0.000000;0.953024;0.839286;0.093113;0.056020
0.196709;0.970713;0.261650;0.284254;0.046433
0.004157;0.981376;0.701953;0.134497;0.098631
0.018088;0.993728;0.846407;0.167375;0.018264
0.109974;0.988452;0.719888;0.184540;0.040235
0.049180;0.964626;0.958182;0.144926;0.017694
0.008992;0.958649;0.907762;0.158086;0.008261
0.162160;0.943443;0.264178;0.270590;0.008120
0.020852;0.988717;0.911932;0.105068;0.007337
0.006598;0.968983;0.773360;0.124149;0.066917
0.008323;0.952450;0.877462;0.145171;0.147344
0.164035;0.912084;0.355388;0.287237;0.095713
0.044232;0.959227;0.863854;0.137657;0.063248
0.006772;0.991971;0.671708;0.161804;0.029602
0.083042;0.925306;1.000000;0.130076;0.024345
0.019431;0.979186;0.841585;0.097948;0.067389
0.130667;1.000000;0.693577;0.174664;0.000000
0.197964;1.000000;0.246360;0.294800;0.000000
0.128732;0.995834;0.881476;0.173941;0.088801
0.141665;0.922729;0.377026;0.233923;0.143696
0.169218;0.936982;0.437067;0.297818;0.003612
0.041317;0.895754;0.741558;0.171724;0.008183
0.081563;0.949967;0.423969;0.211753;0.000000
0.024767;0.967434;0.457916;0.136091;0.012670
0.000000;0.976599;0.080484;0.152826;0.002225
0.000000;0.999272;0.464475;0.181482;0.027337
0.148315;0.985757;0.639372;0.205664;0.013156
0.000000;0.986556;0.756920;0.109101;0.074113
0.153209;0.961737;0.390426;0.266525;0.046517
0.058002;0.950393;0.475496;0.156012;0.054954
0.034751;0.908071;0.920331;0.124302;0.000000
0.000000;0.957633;0.881990;0.097693;0.046248
0.000937;0.982909;0.841202;0.136034;0.072677
0.021176;0.888364;0.418435;0.166897;0.016551
0.072871;0.983192;0.131292;0.093393;0.056273
0.000000;0.999107;0.829508;0.193152;0.024675
0.187269;1.000000;0.230077;0.342474;0.027657
0.102567;0.994194;0.626072;0.158451;0.020751
0.047076;1.000000;0.803680;0.115249;0.017619
0.000000;0.941022;0.928632;0.133217;0.035365
0.029457;0.951195;0.928927;0.178968;0.054832
0.040737;0.930512;0.928627;0.178517;0.054665
0.079910;0.911579;0.275256;0.244721;0.035419
0.000000;0.863183;0.926599;0.130167;0.000994
0.037163;0.800025;0.794109;0.146922;0.027347
0.035396;0.967765;0.375094;0.126347;0.001028
0.095881;0.955037;0.107708;0.226299;0.039610
0.040677;1.000000;0.077498;0.187536;0.070522
0.072006;1.000000;0.173830;0.240485;0.005594
0.018603;1.000000;0.154227;0.170877;0.054715
0.003591;1.000000;0.748592;0.153829;0.000000
0.000000;0.945705;0.676487;0.116521;0.045700
0.086572;0.867718;0.343984;0.135456;0.072592
0.065153;0.910983;0.619319;0.197850;0.000000
0.144706;0.934956;0.273455;0.195488;0.045602
0.026494;0.890751;0.896788;0.145327;0.031775
0.043220;0.945386;0.436914;0.164510;0.036169
0.042194;1.000000;0.422073;0.142069;0.052980
