3;0.301329;0.311108;0.254801;0.033796;0.694986
2;0.019817;0.860609;0.106341;0.095173;0.288004
2;0.083562;0.831293;0.686572;0.151480;0.066320
2;0.337090;0.742389;0.137175;0.441751;0.003279
2;0.077297;0.814486;0.308017;0.126686;0.033854
1;0.568629;0.167761;0.378969;0.062959;0.930717
1;0.474642;0.551727;0.733714;0.304237;0.144093
1;0.426747;0.342458;0.044365;0.022167;0.627140
1;0.106618;0.960943;0.576011;0.155998;0.157890
1;0.385564;0.992640;0.337255;0.000956;0.363944
1;0.526424;0.487923;0.332339;0.397060;0.228240
1;0.486768;0.183573;0.437253;0.123136;0.342990
1;0.086011;0.727284;0.226082;0.258797;0.121094
1;0.393850;0.285486;0.132469;0.530354;0.164925
1;0.695969;0.968884;0.452820;0.076451;0.000486
1;0.626359;0.840868;0.629861;0.025426;0.050746
1;0.538414;0.384832;0.404303;0.100043;0.055168
1;0.454663;0.688890;0.016385;0.274055;0.515705
1;0.885622;0.459583;0.510911;0.057808;0.067638
1;0.490638;0.066496;0.988415;0.304020;0.456932
1;0.240410;0.633126;0.915340;0.015472;0.146093
1;0.171234;0.600532;0.589786;0.126963;0.217142
1;0.238034;0.701678;0.131697;0.216053;0.904192
1;0.553369;0.440892;0.693016;0.032670;0.327704
1;0.364607;0.038058;0.941159;0.171653;0.375325
1;0.910844;0.278889;0.364096;0.100804;0.081380
1;0.619119;0.155981;0.397950;0.225907;0.159466
1;0.143641;0.453090;0.378026;0.088405;0.456866
1;0.268010;0.685399;0.576645;0.002957;0.142439
1;0.272505;0.912313;0.075769;0.082290;0.049230
1;0.491265;0.178934;0.881305;0.013981;0.325576
1;0.738893;0.253260;0.023735;0.035133;0.751943
1;0.869850;0.365245;0.251992;0.151833;0.473173
1;0.072096;0.362992;0.258367;0.041414;0.771650
1;0.427181;0.117774;0.942368;0.197513;0.633013
1;0.028119;0.712645;0.685568;0.044870;0.555249
1;0.536680;0.510892;0.358261;0.142487;0.008080
1;0.123447;0.702233;0.191491;0.057048;0.294854
1;0.330697;0.614215;0.016236;0.081056;0.194570
1;0.413740;0.305022;0.903725;0.004312;0.513604
1;0.168194;0.643629;0.116325;0.015539;0.193316
1;0.113793;0.852906;0.146292;0.179883;0.613055
1;0.668152;0.885205;0.117292;0.034468;0.269883
1;0.461638;0.326072;0.285156;0.011567;0.525274
1;0.452884;0.525682;0.157648;0.020356;0.571209
1;0.918995;0.273161;0.124087;0.027991;0.044234
1;0.292187;0.761183;0.747059;0.022554;0.249108
