0.138940;0.951321;0.519914;0.220002;0.030042
0.118803;0.948177;0.623877;0.241949;0.054790
0.000000;0.945936;0.882667;0.120188;0.030914
0.026148;0.878897;0.882000;0.146752;0.017907
0.002924;0.876279;0.848222;0.121760;0.030550
0.027569;0.917644;0.752395;0.149206;0.059981
0.041483;0.859894;0.877178;0.139488;0.043614
0.092806;0.903033;0.880157;0.170657;0.038334
0.030538;1.000000;0.727702;0.135940;0.065071
0.158148;0.981001;0.483456;0.283083;0.000000
0.056565;1.000000;0.849118;0.156656;0.078973
0.145341;0.993816;0.693628;0.230512;0.000000
0.053248;0.978327;0.750756;0.161905;0.000000
0.000000;0.975592;0.908061;0.128599;0.046502
0.192492;1.000000;0.354667;0.303547;0.016335
0.052696;1.000000;0.859097;0.164434;0.094247
0.087386;0.929884;0.610715;0.196690;0.070847
0.025180;0.979072;0.646729;0.175148;0.025924
0.021792;1.000000;0.668032;0.141193;0.000000
0.012402;0.831850;0.822894;0.130233;0.039026
0.039543;0.977530;0.775939;0.170965;0.036190
0.096529;0.948891;0.609880;0.218349;0.000000
0.053034;0.911316;0.879718;0.165181;0.071705
0.072413;0.889423;0.361474;0.115095;0.000000
0.018439;0.838062;0.549565;0.123882;0.010959
0.035567;0.991503;0.715495;0.154170;0.020052
0.096218;0.976028;0.714118;0.169399;0.021421
0.003483;0.984693;0.958275;0.127473;0.012020
0.049545;1.000000;0.706938;0.182677;0.039271
0.053910;0.932877;0.766545;0.156759;0.013078
0.000000;1.000000;0.840611;0.083929;0.041513
0.000000;0.929303;0.947961;0.142926;0.046375
0.058709;0.878422;0.936663;0.196967;0.054001
0.048048;1.000000;0.671435;0.170894;0.017981
0.034812;0.969213;0.904560;0.151525;0.000000
0.000000;0.995227;0.948958;0.078555;0.027003
0.012614;0.981744;0.777886;0.111904;0.053215
0.013588;0.979424;0.906035;0.138040;0.000000
0.000000;0.963372;1.000000;0.115624;0.023000
0.056953;0.860033;0.898168;0.185538;0.031117
0.041856;0.860189;0.718777;0.097568;0.108314
0.000000;0.901413;0.858376;0.145896;0.050504
0.058534;0.879783;0.662684;0.193472;0.008618
0.055913;1.000000;0.959884;0.143363;0.037201
0.091403;0.912895;0.801118;0.179426;0.031736
0.010442;0.886528;0.713715;0.119813;0.090428
0.120106;0.983557;0.540186;0.202376;0.009514
0.023003;0.954692;0.814554;0.113958;0.039695
0.019972;0.946141;0.901506;0.105042;0.000000
0.000000;0.925121;0.945309;0.102233;0.001109
0.003358;0.978825;0.784956;0.105135;0.042224
0.021855;0.915672;0.944359;0.141125;0.027280
0.000000;0.982511;0.741414;0.124505;0.021583
0.034032;0.903790;0.748946;0.148998;0.016075
0.000782;0.927908;0.936384;0.118372;0.035230
0.090252;0.900405;0.644117;0.212811;0.061756
0.035401;0.919613;0.751621;0.129425;0.035628
0.028865;0.939683;0.757398;0.124586;0.063868
0.000000;0.989203;0.195305;0.103288;0.000000
0.040602;0.992073;0.757102;0.155624;0.025618
0.012429;1.000000;0.859994;0.113144;0.000802
0.000000;0.980058;0.688567;0.148946;0.019747
0.071303;0.831319;0.354690;0.119517;0.061546
0.048759;0.815420;0.349513;0.137386;0.000000
0.048295;0.833677;0.351252;0.140306;0.002840
0.050765;0.848740;0.347868;0.150627;0.035052
0.078655;0.977413;0.710758;0.213647;0.068005
0.003226;0.987646;0.708633;0.124546;0.086413
0.007293;0.895483;0.849341;0.141818;0.042222
0.017519;0.971726;0.919130;0.125235;0.000845
0.146532;0.976808;0.492721;0.243423;0.037598
0.128189;1.000000;0.704080;0.210732;0.029984
0.106812;0.876268;0.886844;0.208940;0.085178
0.039424;1.000000;0.832956;0.148027;0.040701
0.055834;0.984878;0.824565;0.191324;0.069155
0.136687;0.950674;0.673156;0.241507;0.027161
0.075536;0.965738;0.752321;0.161956;0.016817
0.000000;0.987170;0.720440;0.138351;0.065214
0.168508;0.995633;0.302314;0.243913;0.036748
0.096536;0.912392;0.579541;0.245756;0.054386
0.074733;0.877317;0.644524;0.185113;0.015498
0.067085;0.986953;0.599770;0.200676;0.040546
0.000000;0.992186;0.842694;0.108541;0.000923
0.035893;0.911289;0.904950;0.140920;0.028366
0.006167;0.955401;0.746558;0.132672;0.058038
0.030447;0.957294;0.868235;0.141100;0.000000
0.147155;0.994805;0.214599;0.275433;0.040811
0.140260;0.958561;0.479771;0.268286;0.016555
0.088596;0.942612;0.906805;0.190802;0.037427
0.025270;0.952596;0.931171;0.110250;0.101804
0.000000;0.923174;0.955447;0.133539;0.000000
0.146894;0.949709;0.497546;0.246524;0.041260
0.109763;0.944889;0.598925;0.197039;0.042929
0.031708;0.983598;0.796953;0.145026;0.085994
0.001403;0.984101;0.990834;0.058615;0.022546
0.115161;0.935241;0.661134;0.209726;0.056103
0.034682;0.923342;0.929498;0.109625;0.025736
0.201943;1.000000;0.231033;0.288736;0.045327
0.042459;0.988498;0.923664;0.129805;0.025819
0.036182;0.976618;0.750992;0.146243;0.029228
