0.008570;0.829356;0.615392;0.371304;0.468053
0.733026;0.970533;0.207652;0.510102;0.532184
0.871389;0.658397;0.983208;0.446862;0.092737
0.534842;0.262863;0.279589;0.029103;0.012461
0.486359;0.401610;0.741716;0.611673;0.481728
0.664487;0.138007;0.061928;0.984070;0.507898
0.385564;0.992640;0.337255;0.000956;0.363944
0.321660;0.733983;0.850829;0.529312;0.760437
0.899365;0.400701;0.418835;0.398925;0.847564
0.027924;0.933768;0.110427;0.307514;0.962871
0.474642;0.551727;0.733714;0.304237;0.144093
0.703670;0.487011;0.416210;0.495963;0.044772
0.810707;0.897531;0.479515;0.954145;0.345287
0.252298;0.778467;0.246952;0.897286;0.643828
0.739537;0.615472;0.079067;0.768330;0.114231
0.549738;0.511543;0.233546;0.423722;0.062160
0.114393;0.898365;0.130239;0.848108;0.718954
0.790684;0.068130;0.722317;0.206895;0.080446
0.767089;0.017602;0.977977;0.762956;0.488100
0.839617;0.531607;0.266567;0.602921;0.428893
0.426747;0.342458;0.044365;0.022167;0.627140
0.674949;0.088257;0.655036;0.424847;0.511979
0.717196;0.539241;0.926696;0.847435;0.903701
0.162002;0.638119;0.488183;0.884319;0.845014
0.568629;0.167761;0.378969;0.062959;0.930717
0.867069;0.902576;0.462324;0.649988;0.505497
0.891217;0.076736;0.847955;0.451935;0.615255
0.991448;0.643236;0.703512;0.646484;0.068083
0.731843;0.363680;0.607324;0.174892;0.727467
0.027377;0.336894;0.881938;0.515561;0.221214
0.726953;0.600542;0.388975;0.622274;0.663501
0.836044;0.005695;0.566077;0.298369;0.655683
0.587926;0.705938;0.248771;0.952234;0.674225
0.864026;0.943682;0.317461;0.083890;0.590166
0.385545;0.815734;0.470198;0.509221;0.990626
0.197665;0.052951;0.843872;0.079603;0.084864
0.065086;0.322908;0.685406;0.970413;0.945182
0.348908;0.322810;0.467229;0.914985;0.621179
0.122913;0.019264;0.843469;0.888036;0.971498
0.034047;0.268415;0.915180;0.867860;0.352305
0.505346;0.769757;0.684391;0.975544;0.278979
0.191369;0.689561;0.848282;0.035242;0.769164
0.933146;0.100328;0.608425;0.134904;0.587094
0.553607;0.483812;0.909904;0.537189;0.915150
0.047435;0.176454;0.934414;0.407256;0.064490
0.905912;0.957655;0.849257;0.337444;0.825516
0.201563;0.359142;0.595273;0.402306;0.334686
0.390604;0.593676;0.540599;0.238886;0.628918
0.309763;0.688384;0.245598;0.918188;0.823289
0.349044;0.988148;0.823453;0.775300;0.525337
0.254955;0.822735;0.701791;0.705721;0.746344
0.282633;0.127985;0.703999;0.131891;0.465429
0.045867;0.849806;0.824571;0.641141;0.252112
0.675609;0.031745;0.845788;0.216208;0.786984
0.991058;0.042324;0.475368;0.236657;0.476864
0.815009;0.585701;0.465012;0.154815;0.361002
0.506701;0.926122;0.700089;0.724844;0.631844
0.962785;0.523830;0.759829;0.183137;0.655721
0.741611;0.229004;0.021879;0.082534;0.870145
0.790343;0.758144;0.901891;0.152484;0.974352
0.205227;0.143542;0.533028;0.196947;0.380199
0.009893;0.011957;0.482253;0.991257;0.683124
0.359607;0.014311;0.609246;0.576048;0.739155
0.757442;0.538834;0.779337;0.517272;0.721971
0.951410;0.775235;0.950975;0.973289;0.857769
0.337473;0.763633;0.615913;0.755716;0.916117
0.106618;0.960943;0.576011;0.155998;0.157890
0.472563;0.165891;0.686199;0.954816;0.157149
0.885675;0.830775;0.687812;0.494922;0.406823
0.426967;0.252364;0.945657;0.722657;0.285988
0.183980;0.674067;0.061223;0.651308;0.647357
0.435345;0.505133;0.927342;0.051258;0.260849
0.359811;0.674228;0.221792;0.935822;0.830227
0.896034;0.408385;0.512470;0.098586;0.879553
0.669619;0.984261;0.710328;0.357431;0.995535
0.633504;0.300751;0.247900;0.095513;0.539760
0.050240;0.279494;0.213827;0.627816;0.447154
0.377536;0.063161;0.952287;0.304878;0.630771
0.213136;0.181041;0.305000;0.951280;0.116864
0.651579;0.363666;0.041601;0.164049;0.462252
0.437507;0.350021;0.962866;0.147835;0.223804
0.958401;0.297691;0.040907;0.206301;0.393205
0.580667;0.772894;0.189051;0.794495;0.400710
0.636205;0.172031;0.980223;0.104844;0.993262
0.610994;0.834332;0.174303;0.432346;0.301964
0.807519;0.083925;0.665630;0.849121;0.764327
0.644235;0.286628;0.630700;0.607101;0.950815
0.854504;0.565502;0.248507;0.411764;0.288156
0.641712;0.992431;0.577402;0.347115;0.303278
0.494464;0.983320;0.991662;0.474687;0.604516
0.984924;0.085681;0.438848;0.159227;0.034380
0.740812;0.483099;0.634657;0.922794;0.332220
0.398984;0.083381;0.135200;0.546036;0.206834
0.086015;0.400541;0.772337;0.334522;0.812305
0.576845;0.492586;0.321088;0.670599;0.839701
0.624367;0.165063;0.339373;0.616029;0.639750
0.943889;0.117305;0.241783;0.382737;0.792884
0.276163;0.639901;0.275983;0.910821;0.079048
0.608203;0.826157;0.162429;0.259755;0.372194
0.369264;0.345771;0.289087;0.657953;0.196645
0.617744;0.751150;0.205584;0.938832;0.421749
0.045285;0.079551;0.103164;0.901011;0.211932
0.259266;0.361252;0.845589;0.501049;0.260342
0.638474;0.293565;0.900243;0.914457;0.720738
0.979291;0.039013;0.546895;0.141721;0.298768
0.435441;0.027337;0.160891;0.724528;0.685290
0.357537;0.342272;0.436440;0.563121;0.797457
0.374541;0.124758;0.393360;0.477705;0.542121
0.121645;0.736971;0.903374;0.967234;0.754372
0.163716;0.605708;0.047937;0.580311;0.036518
