0.038007;0.883547;0.908564;0.148788;0.013805
0.001090;1.000000;0.656524;0.149389;0.000000
0.035462;0.985354;0.629802;0.109121;0.013637
0.007290;1.000000;0.617583;0.114463;0.015523
0.000000;0.983742;0.678901;0.123294;0.049979
0.000793;0.965179;0.926472;0.133676;0.000000
0.023915;0.952488;0.760825;0.164457;0.000000
0.005231;0.957840;0.741103;0.148587;0.023253
0.000253;0.984924;0.703954;0.144170;0.018058
0.119134;0.971947;0.581725;0.226669;0.014686
0.018563;0.984373;0.720874;0.117281;0.040407
0.076279;0.978049;0.658395;0.187168;0.004145
0.127950;1.000000;0.737597;0.220109;0.019050
0.097219;0.972234;0.637469;0.188740;0.022720
0.101216;0.937538;0.728648;0.173761;0.012674
0.079682;0.993876;0.671889;0.171106;0.000000
0.078119;1.000000;0.662315;0.175820;0.039321
0.074701;0.965789;0.679344;0.204744;0.000000
0.054935;0.992397;0.727714;0.159628;0.000904
0.038845;0.978417;0.740085;0.151023;0.018049
0.092024;0.922792;0.911706;0.201485;0.000000
0.092983;0.967838;0.659642;0.216825;0.008738
0.083762;0.993115;0.633601;0.189770;0.000000
0.092941;1.000000;0.659548;0.191560;0.000000
0.070177;0.982057;0.724902;0.186613;0.036220
0.098745;0.970182;0.667769;0.205079;0.000000
0.082899;1.000000;0.653413;0.202216;0.000000
0.082501;0.987477;0.645421;0.172757;0.006008
0.039231;0.877369;0.927748;0.170553;0.000000
0.000000;0.928735;0.895305;0.141706;0.016522
0.068939;0.871091;0.349277;0.160705;0.051744
0.043272;0.974828;0.944089;0.160213;0.014746
0.095186;0.972811;0.675621;0.198088;0.014267
0.092836;0.933018;0.912795;0.171798;0.024040
0.090035;0.983521;0.742677;0.180818;0.000000
0.047546;0.962983;0.917803;0.165706;0.000000
0.005570;0.963605;0.932409;0.147108;0.000000
0.080501;0.983981;0.662727;0.212755;0.000000
0.058960;0.920829;0.972427;0.130765;0.001499
0.042581;1.000000;0.751114;0.176749;0.028055
0.126992;0.982723;0.559002;0.218718;0.013738
0.005285;0.949009;0.974427;0.110955;0.029519
0.066399;0.974593;0.746257;0.148121;0.007182
0.066701;0.976830;0.699685;0.165766;0.031377
0.079257;1.000000;0.716295;0.160600;0.034080
0.143318;0.947105;0.600316;0.223967;0.029241
0.104427;0.963320;0.732591;0.195831;0.000000
0.122217;1.000000;0.634405;0.187669;0.029148
0.007328;1.000000;0.728494;0.127523;0.036473
0.082156;0.874595;0.598197;0.142000;0.044855
0.042435;1.000000;0.764437;0.143717;0.000000
0.049676;0.931493;0.775674;0.198249;0.000000
0.066824;0.976092;0.759802;0.153823;0.000000
0.002827;0.987312;0.684062;0.136763;0.038698
0.019209;0.982211;0.736017;0.120068;0.001210
0.026284;0.957684;0.732239;0.144898;0.037131
0.009335;0.979172;0.629405;0.148187;0.024557
0.024666;0.965536;0.744099;0.180408;0.014473
0.037992;0.997954;0.661143;0.127208;0.010704
0.055075;0.996288;0.641753;0.167644;0.036671
0.020833;0.947493;0.695746;0.170457;0.027416
0.026570;0.985900;0.612089;0.161460;0.035075
0.031597;0.983387;0.669830;0.131993;0.000000
0.037854;0.932906;0.738490;0.160134;0.000000
0.013929;0.997762;0.735402;0.138559;0.021393
0.016984;0.903332;0.931128;0.151027;0.016684
0.031304;0.918603;0.780397;0.154284;0.011103
0.020696;0.966929;0.923996;0.129536;0.000000
0.027198;0.982421;0.731018;0.107625;0.060677
0.049638;0.966996;0.681487;0.172406;0.006292
0.018743;1.000000;0.693358;0.169147;0.020103
0.069999;0.972894;0.639888;0.189355;0.000521
0.042003;0.998787;0.728823;0.133556;0.008021
0.004824;0.995465;0.595175;0.128118;0.023713
0.019389;1.000000;0.667350;0.127005;0.008896
0.065252;0.889216;0.949874;0.151544;0.000000
0.006132;0.982796;0.723869;0.165611;0.010371
0.020783;0.967544;0.648330;0.145630;0.022807
0.026032;0.985215;0.759276;0.143533;0.017389
0.084491;0.900241;0.640435;0.189194;0.068947
0.033222;0.994852;0.632308;0.134986;0.006001
0.020999;0.981810;0.651117;0.171395;0.018068
0.014669;0.990665;0.759151;0.156182;0.014444
0.000386;0.957044;0.938335;0.141351;0.000000
0.080748;0.966124;0.645922;0.223304;0.004316
0.108778;0.949452;0.946635;0.170129;0.010813
0.053087;1.000000;0.719466;0.150198;0.037574
0.046430;1.000000;0.695526;0.185943;0.000000
0.073047;0.991716;0.975383;0.158032;0.018589
0.097638;0.979558;0.917331;0.191917;0.015571
0.110161;1.000000;0.676509;0.198353;0.048201
0.090175;0.993575;0.587043;0.195928;0.024592
0.106599;1.000000;0.637443;0.212800;0.014838
0.059864;0.921363;0.909776;0.175960;0.041698
0.073643;1.000000;0.749082;0.176977;0.000000
0.035115;0.973433;0.959090;0.130970;0.001709
0.025873;0.959617;0.991228;0.136148;0.021174
0.116636;0.983551;0.534294;0.199772;0.034355
0.000000;0.987897;0.999249;0.119276;0.000000
0.050013;0.973329;0.753492;0.159201;0.000939
