0.005623;0.884347;0.748929;0.140202;0.040340
0.026856;0.812800;0.876461;0.143128;0.044629
0.063611;0.981736;0.048802;0.238147;0.000000
0.000000;0.992324;0.819689;0.156790;0.111093
0.074685;0.905729;0.303606;0.232680;0.085370
0.049715;1.000000;0.445136;0.184630;0.000000
0.060366;0.898490;0.324771;0.204204;0.051251
0.000621;0.866746;0.874699;0.167593;0.012123
0.008290;1.000000;0.076154;0.126437;0.056414
0.000000;0.891741;0.308538;0.104019;0.038771
0.207885;0.948816;0.310860;0.296266;0.120532
0.064334;0.842322;0.124530;0.168881;0.039406
0.232052;0.990137;0.000000;0.039015;0.040255
0.052392;0.956960;0.500383;0.201274;0.006363
0.038307;0.862957;0.844780;0.084822;0.000000
0.000000;0.930479;0.739851;0.099059;0.011245
0.024280;0.982119;0.507326;0.136709;0.037138
0.050787;0.839389;0.519752;0.151288;0.056394
0.176248;0.966682;0.040012;0.043895;0.071422
0.220593;0.975662;0.031136;0.074867;0.040016
0.080869;0.960170;0.433369;0.175613;0.053934
0.000000;0.945402;0.419620;0.168090;0.090971
0.009130;0.812210;0.878989;0.039527;0.120069
0.011201;1.000000;0.408486;0.147421;0.000000
0.000000;0.994266;0.897986;0.091937;0.017315
0.146386;0.911498;0.782133;0.223898;0.000000
0.030804;0.954521;0.858911;0.143739;0.041387
0.148618;0.977447;0.417345;0.196595;0.047139
0.205178;1.000000;0.270219;0.251769;0.037593
0.009683;1.000000;0.111979;0.219057;0.025202
0.039809;0.820238;0.339105;0.124887;0.051065
0.046637;0.606358;0.977979;0.130139;0.109037
0.041902;0.912600;0.467227;0.077603;0.047731
0.068642;0.959675;0.131080;0.069324;0.045095
0.121903;0.881859;0.433958;0.059804;0.079506
0.017817;0.932455;0.164631;0.000000;0.079537
0.185671;0.870974;0.053268;0.055723;0.000000
0.000224;0.976856;0.173868;0.031821;0.099531
0.086612;0.831703;0.387542;0.062716;0.036321
0.049279;0.934256;0.843839;0.199477;0.077390
0.000000;0.980676;0.845445;0.079036;0.062559
0.058939;0.846053;0.801614;0.193405;0.003620
0.130770;1.000000;0.284245;0.281558;0.006262
0.076992;0.989312;0.899978;0.183280;0.076434
0.036673;0.943212;0.851943;0.135907;0.020388
0.161590;0.934827;0.399752;0.266494;0.107835
0.158656;0.973101;0.474611;0.199887;0.034866
0.184090;1.000000;0.359479;0.294655;0.040067
0.093699;1.000000;0.917562;0.186254;0.000000
0.043060;0.925929;0.829979;0.183693;0.057005
0.121675;0.969481;0.336515;0.269788;0.069277
0.131263;0.996583;0.490870;0.200342;0.084788
0.053765;1.000000;0.854284;0.153961;0.087261
0.000000;0.964634;0.790232;0.134788;0.053867
0.000000;0.900058;0.879704;0.097124;0.017343
0.187569;0.857603;0.317654;0.276539;0.036339
0.050720;0.951230;0.444216;0.190577;0.003146
0.018398;0.953332;0.740796;0.089800;0.102217
0.048209;1.000000;0.020768;0.235341;0.012775
0.001058;0.987500;0.045819;0.110665;0.029447
0.002734;0.841880;0.433787;0.202073;0.020623
0.050526;0.940676;0.134516;0.157222;0.106061
0.042921;0.838493;0.301513;0.119882;0.038084
0.007826;0.778573;0.479762;0.134554;0.042861
0.052353;0.863183;0.375908;0.051579;0.000000
0.058977;0.943742;0.102623;0.019480;0.067943
0.006893;0.901352;0.343579;0.062063;0.000000
0.105407;0.949678;0.811332;0.229718;0.031331
0.130087;0.853577;1.000000;0.205080;0.042370
0.109985;0.992806;0.461509;0.251673;0.059820
0.004078;1.000000;0.800612;0.109149;0.000000
0.000000;1.000000;0.873320;0.059068;0.028315
0.096772;1.000000;0.804561;0.195918;0.018489
0.194724;0.920401;0.000000;0.021983;0.020313
0.016526;1.000000;0.692120;0.127556;0.003976
0.011233;1.000000;0.866280;0.164495;0.000000
0.000000;1.000000;0.839513;0.052152;0.070316
0.019603;0.992045;0.089875;0.073666;0.012272
0.022319;0.882115;0.865489;0.122472;0.024395
0.012343;0.990982;0.123098;0.122333;0.000000
0.036193;0.760959;0.945950;0.147121;0.003103
0.011099;0.919125;0.741296;0.096829;0.057997
0.191904;1.000000;0.202851;0.296514;0.000000
0.147900;0.854903;0.371466;0.223083;0.054993
0.000000;0.970449;0.799827;0.174024;0.072707
0.040898;1.000000;0.486651;0.159864;0.013371
0.020247;0.983547;0.740369;0.079450;0.014752
0.003334;0.988098;0.906663;0.119641;0.000000
0.067564;0.992580;0.460083;0.161276;0.105928
0.047578;1.000000;0.475798;0.181134;0.012891
0.062744;0.941351;0.730889;0.207670;0.064739
0.052897;0.930542;0.352597;0.156884;0.112020
0.033228;0.922388;0.622256;0.184887;0.040653
0.000000;0.989819;0.755557;0.091812;0.000000
0.039046;0.983578;0.758092;0.113134;0.064316
0.011215;0.941137;0.895642;0.091296;0.037840
0.212841;0.977957;0.038338;0.090599;0.006766
0.025197;0.995527;0.098951;0.166012;0.086550
0.219752;0.989761;0.038493;0.065069;0.000000
0.048061;1.000000;0.185627;0.000000;0.008570
