0.000000;0.806495;0.976084;0.164327;0.032335
0.514810;0.635435;0.000000;0.108481;0.000000
0.911056;0.440060;0.476999;0.000000;0.149807
0.000000;1.000000;0.758555;0.131039;0.000000
0.433358;0.977229;0.021021;0.000000;0.000000
0.811772;0.860135;0.000000;0.036537;0.036235
1.000000;0.165931;0.414700;0.173719;0.000000
0.913580;0.317047;0.086972;0.000000;0.054225
0.174748;0.697137;0.941154;0.104300;0.159392
0.149466;0.750101;0.158453;0.000000;0.158341
0.201833;0.780302;0.925571;0.128963;0.000000
0.500393;0.678323;0.240854;0.122458;0.000000
0.263024;0.905819;0.560599;0.000000;0.000000
0.569222;0.602656;0.223982;0.000000;0.237514
0.391585;0.794524;0.168273;0.002212;0.000000
0.113230;0.954935;0.039482;0.000000;0.044399
0.854353;0.103404;0.836552;0.072157;0.513976
0.890004;0.562036;0.765929;0.000000;0.210238
0.297254;0.586792;0.774094;0.084535;0.183648
0.690389;0.604503;0.530932;0.000000;0.333495
0.026385;0.999951;0.269014;0.000000;0.364051
0.401223;0.510715;0.551949;0.000000;0.686208
0.283211;0.753386;0.306618;0.216668;0.092652
0.000000;0.898495;0.093078;0.075064;0.120784
0.871950;0.215548;0.271317;0.000000;0.000000
0.180365;0.838800;0.000000;0.079090;0.000000
0.373354;0.805893;0.091451;0.000000;0.111233
0.124700;1.000000;0.219386;0.181717;0.031143
0.131586;0.778427;0.504857;0.239907;0.000000
0.395761;0.992027;0.018350;0.045014;0.141662
0.000000;0.864998;0.344360;0.212745;0.057338
0.044613;0.593018;0.175698;0.133324;0.314151
0.307205;0.152523;0.145124;0.063940;0.396603
0.022256;0.969539;0.152504;0.087965;0.000000
0.318112;0.839724;0.141797;0.000000;0.184264
1.000000;0.515928;0.000000;0.000000;0.079163
0.789661;0.092694;0.000000;0.031322;0.743335
0.000000;0.844278;0.178686;0.190622;0.488127
0.079526;1.000000;0.862196;0.133996;0.124542
0.000000;0.902292;0.343447;0.023828;0.254176
0.923524;0.000000;0.872616;0.056632;0.263149
0.548206;0.449406;0.317774;0.000000;0.458712
0.835558;0.000000;0.111716;0.000000;0.937072
0.201585;1.000000;0.060550;0.168284;0.270291
0.939780;0.087315;0.321462;0.095754;0.458034
0.324407;0.840116;0.091270;0.000000;0.123738
0.486840;0.471809;0.677109;0.000000;0.121428
0.523901;0.771707;0.050679;0.076499;0.092612
0.812446;0.526022;0.711459;0.013499;0.000000
1.000000;0.567805;0.000000;0.000000;0.099414
0.721368;0.513770;0.000000;0.000000;0.125920
0.073722;1.000000;0.778423;0.109130;0.153746
0.863084;0.288222;0.754432;0.000000;0.201978
0.717965;0.476981;0.000000;0.187586;0.013464
0.425181;1.000000;0.000000;0.132356;0.088199
0.771931;0.057515;0.019141;0.000000;0.713314
0.237730;0.869230;0.721873;0.000000;0.127003
0.865613;0.676318;0.284563;0.000000;0.192135
0.557172;0.610089;0.247110;0.230107;0.000000
0.000000;0.880281;0.899269;0.239314;0.063142
0.279374;0.869901;0.152835;0.024016;0.335621
0.261272;0.944547;0.118342;0.000000;0.080979
0.000000;0.944012;0.205207;0.000000;0.228066
0.862434;0.845498;0.051704;0.204696;0.026458
0.273440;0.892784;0.339639;0.082549;0.130484
0.672380;0.914443;0.071512;0.129721;0.130929
0.179235;0.866776;0.892383;0.000000;0.204170
0.164296;1.000000;0.177749;0.000000;0.000000
0.377693;0.947839;0.200877;0.038837;0.090932
0.000000;1.000000;0.839068;0.188654;0.230187
0.269396;0.488046;0.622992;0.027259;0.426995
0.633216;0.585207;0.331815;0.083407;0.032382
0.709440;0.531079;0.148585;0.170326;0.099229
0.441473;0.409200;0.906419;0.000000;0.168915
0.958598;0.149433;0.510747;0.000000;0.468467
0.327397;0.910154;0.065358;0.070161;0.384952
0.000000;0.777209;1.000000;0.000000;0.000000
0.000000;0.874262;0.289838;0.104385;0.025221
0.145729;0.949033;0.893176;0.088482;0.055278
0.976090;0.259383;0.230867;0.000000;0.222254
0.367979;0.763341;0.000000;0.092263;0.034366
0.380155;0.689799;0.033222;0.101682;0.052917
0.167584;0.691177;0.858782;0.067599;0.000000
0.737494;0.427013;0.199906;0.033441;0.000000
0.408910;0.247005;0.507643;0.000000;0.308356
0.647318;0.553292;0.156305;0.076338;0.140300
0.347681;0.030864;0.694744;0.000000;0.416524
0.000000;0.898444;0.022509;0.000284;0.075463
0.368735;0.895470;0.292238;0.008401;0.116690
0.585815;0.456899;0.077690;0.156011;0.000000
0.179306;0.630379;0.190748;0.260442;0.000000
0.000000;0.888308;0.413747;0.109411;0.057494
0.211603;0.469778;0.139372;0.392247;0.137395
0.380521;0.297709;0.788000;0.116324;0.270426
0.000000;0.751030;0.327509;0.128561;0.016006
1.000000;0.594514;0.000000;0.127385;0.000000
0.961561;0.049723;0.991501;0.000000;0.445765
0.249621;0.896615;0.223365;0.000000;0.107578
0.034627;0.937719;0.769384;0.201271;0.000000
0.354165;0.919714;0.227787;0.000000;0.177892
