0.018037;1.000000;0.934087;0.149659;0.020857
0.092802;0.930466;0.643926;0.201781;0.002088
0.015532;0.831319;0.308452;0.138672;0.016704
0.058950;0.968721;0.679081;0.179053;0.000000
0.010628;0.864235;0.326721;0.152751;0.025184
0.047947;0.979492;0.610486;0.162847;0.000000
0.076171;0.931293;0.772359;0.155141;0.049008
0.034076;1.000000;0.621307;0.143113;0.014434
0.155505;1.000000;0.227560;0.289527;0.024945
0.169358;0.982800;0.206227;0.265459;0.007474
0.038891;0.992038;0.704911;0.194756;0.003239
0.032133;0.933604;0.726050;0.137547;0.000000
0.088651;0.884731;0.636616;0.170184;0.030686
0.012467;0.993945;0.819956;0.119479;0.000000
0.073390;0.926372;0.715239;0.182299;0.013424
0.000000;1.000000;0.684153;0.119369;0.060753
0.032906;0.977600;0.692091;0.149384;0.064479
0.033675;0.921292;0.897342;0.162648;0.002600
0.026655;0.960440;0.850999;0.166464;0.055320
0.007173;0.959839;0.958223;0.112751;0.000000
0.073341;0.981740;0.621036;0.201394;0.001438
0.034504;0.912493;0.925919;0.110043;0.050852
0.000000;0.971601;0.680603;0.143519;0.066956
0.000000;0.954587;0.926529;0.121348;0.028092
0.017557;1.000000;0.606026;0.130858;0.060128
0.048833;0.985896;0.695439;0.146058;0.019727
0.044745;0.963119;0.944067;0.127363;0.031481
0.120542;0.936508;0.653582;0.194109;0.030517
0.032668;0.982624;0.710111;0.139953;0.000000
0.015403;1.000000;0.631997;0.141775;0.006880
0.046950;0.978378;0.698533;0.196761;0.018073
0.059886;1.000000;0.655263;0.193990;0.038319
0.084192;0.981538;0.538288;0.194659;0.038017
0.000000;0.957398;0.804504;0.128347;0.068648
0.058238;1.000000;0.726778;0.167369;0.016900
0.000000;0.966477;0.982495;0.111458;0.012044
0.025531;0.970967;0.902038;0.142897;0.067702
0.045428;1.000000;0.674501;0.139658;0.073252
0.093640;0.979485;0.666049;0.191162;0.050391
0.018458;0.956382;0.944263;0.124557;0.039145
0.028255;0.990441;0.959161;0.095734;0.028073
0.014979;0.966986;0.623771;0.164320;0.000000
0.047342;0.875817;0.352216;0.143344;0.005862
0.055561;0.828625;0.324546;0.153844;0.027224
0.034020;0.830733;0.347464;0.174340;0.000000
0.000000;0.970929;0.659786;0.146610;0.027954
0.089532;0.902550;0.661695;0.175329;0.017370
0.044174;0.833523;0.574910;0.135165;0.000000
0.041416;0.972094;0.614087;0.159489;0.000000
0.123678;0.899738;0.635222;0.225710;0.040157
0.019574;0.989866;0.972917;0.091786;0.027619
0.057984;1.000000;0.666523;0.174489;0.026499
0.047986;0.958410;0.752709;0.199225;0.000000
0.107147;0.856136;0.661961;0.173423;0.023688
0.025359;0.868793;0.363517;0.147233;0.007655
0.010705;0.879425;0.327942;0.175314;0.042303
0.065893;1.000000;0.945749;0.170671;0.060966
0.021794;0.873248;0.390609;0.150121;0.011640
0.050739;0.844779;0.573321;0.142718;0.026901
0.075385;0.839711;0.358597;0.176521;0.031050
0.092390;0.979424;0.575520;0.203946;0.000000
0.133377;0.989715;0.477681;0.235732;0.005680
0.023033;0.991032;0.951135;0.110431;0.000000
0.116984;0.966136;0.659101;0.222515;0.003579
0.080801;0.992124;0.579719;0.234820;0.000000
0.096823;0.944032;0.711026;0.208185;0.000000
0.079684;0.961275;0.706753;0.205804;0.000202
0.049749;1.000000;0.754269;0.159822;0.000000
0.038170;0.982781;0.920097;0.147695;0.000000
0.103834;1.000000;0.522498;0.199683;0.035775
0.109776;0.933488;0.604645;0.193976;0.020968
0.026770;0.875268;0.892297;0.113230;0.032002
0.062514;0.887117;0.632835;0.180127;0.016498
0.024741;0.860087;0.864820;0.156703;0.000000
0.030699;0.832925;0.569375;0.111218;0.000000
0.087863;0.841548;0.379918;0.104939;0.000000
0.041852;0.831142;0.355922;0.144004;0.000000
0.021651;0.972953;0.702471;0.128835;0.040879
0.057307;0.898968;0.729067;0.161938;0.008479
0.003183;0.999696;0.867891;0.138206;0.047901
0.038943;0.959265;0.680707;0.176444;0.057963
0.000000;0.970786;0.871803;0.106033;0.000000
0.082860;0.937931;0.685820;0.200135;0.001607
0.124110;0.949777;0.198456;0.264175;0.030156
0.001488;0.965512;0.892562;0.153341;0.012831
0.050590;0.970385;0.573552;0.218180;0.005258
0.017098;0.938046;0.843122;0.159328;0.000000
0.023273;0.960269;0.729850;0.159094;0.028147
0.007408;0.959037;0.723731;0.167389;0.089647
0.000000;0.971714;0.742520;0.132317;0.030528
0.008914;1.000000;0.777562;0.152439;0.028621
0.073196;0.914533;0.640331;0.223410;0.026028
0.005635;0.915552;0.988455;0.131141;0.016508
0.038902;0.987392;0.949982;0.158500;0.000000
0.042675;0.999119;0.668332;0.157975;0.106576
0.018830;1.000000;0.699829;0.170869;0.010859
0.037474;0.899391;0.904451;0.169626;0.002402
0.055260;0.909294;0.853216;0.162113;0.094869
0.118702;1.000000;0.188167;0.285214;0.036066
0.060113;0.946336;0.778911;0.182400;0.028511
