5|0.000000|0.814032|0.000000|1.000000
5|0.000000|0.820271|0.000000|1.000000
5|0.000000|0.816739|0.000000|1.000000
5|0.000000|0.819635|0.000000|1.000000
5|0.000000|0.811702|0.000000|1.000000
5|0.000000|0.816356|0.000000|0.996869
5|0.000000|0.815891|0.000000|1.000000
5|0.000000|0.811644|0.000000|1.000000
5|0.000000|0.818195|0.000000|1.000000
5|0.000000|0.816715|0.000000|1.000000
5|0.000000|0.816463|0.000000|1.000000
5|0.000000|0.818737|0.000000|1.000000
5|0.000000|0.817428|0.000000|1.000000
5|0.000000|0.812450|0.000000|1.000000
5|0.000000|0.819522|0.000000|1.000000
5|0.000000|0.817735|0.000000|1.000000
5|0.000000|0.817891|0.000000|1.000000
5|0.000000|0.816272|0.000000|1.000000
5|0.000000|0.814254|0.000000|1.000000
5|0.000000|0.813906|0.000000|1.000000
5|0.000000|0.817619|0.000000|1.000000
5|0.000000|0.818346|0.000000|1.000000
5|0.000000|0.821408|0.000000|1.000000
5|0.000000|0.816870|0.000000|1.000000
5|0.000000|0.819696|0.000000|1.000000
5|0.000000|0.812933|0.000000|1.000000
5|0.000000|0.821637|0.000000|1.000000
5|0.000000|0.819841|0.000000|1.000000
5|0.035287|0.792683|0.000000|1.000000
5|0.000000|0.820234|0.000000|1.000000
5|0.000000|0.820878|0.000000|1.000000
5|0.000000|0.818251|0.000000|1.000000
5|0.000000|0.820219|0.000000|1.000000
5|0.000000|0.821230|0.000000|1.000000
5|0.000000|0.814000|0.000000|1.000000
5|0.000000|0.819243|0.000000|1.000000
5|0.000000|0.812239|0.000000|1.000000
5|0.013941|0.811012|0.000000|1.000000
5|0.000000|0.816904|0.000000|1.000000
5|0.000000|0.818648|0.000000|0.999906
5|0.000000|0.814016|0.000000|1.000000
5|0.000000|0.820854|0.000000|1.000000
5|0.001035|0.811713|0.000000|1.000000
5|0.032847|0.796493|0.000000|1.000000
5|0.000000|0.818247|0.000000|1.000000
5|0.000000|0.814621|0.000000|1.000000
5|0.000000|0.813423|0.000000|1.000000
5|0.000000|0.820149|0.000000|1.000000
5|0.000000|0.818862|0.000000|1.000000
5|0.000000|0.818712|0.000000|1.000000
5|0.000000|0.821403|0.000000|0.990353
5|0.000000|0.817065|0.000000|1.000000
5|0.000000|0.814671|0.000000|1.000000
5|0.000000|0.815781|0.000000|1.000000
5|0.000000|0.813951|0.000000|1.000000
5|0.000000|0.815880|0.000000|1.000000
5|0.000000|0.814439|0.000000|1.000000
5|0.000000|0.817398|0.000000|1.000000
5|0.000000|0.813266|0.000000|1.000000
5|0.000000|0.817399|0.000000|1.000000
5|0.000000|0.818306|0.000000|1.000000
5|0.000000|0.820350|0.000000|1.000000
5|0.000000|0.812867|0.000000|1.000000
5|0.000000|0.816143|0.000000|1.000000
5|0.000000|0.820690|0.000000|1.000000
5|0.000000|0.819530|0.000000|1.000000
5|0.000000|0.821495|0.000000|1.000000
5|0.000000|0.816377|0.000000|1.000000
5|0.000000|0.813713|0.000000|1.000000
5|0.000000|0.812384|0.000000|1.000000
5|0.000000|0.818489|0.000000|1.000000
5|0.000000|0.818528|0.000000|1.000000
5|0.000000|0.812413|0.000000|1.000000
5|0.000000|0.812369|0.000000|1.000000
5|0.000000|0.819746|0.000000|1.000000
5|0.000000|0.819511|0.000000|1.000000
5|0.000000|0.816466|0.000000|1.000000
5|0.000000|0.815365|0.000000|1.000000
5|0.000000|0.814895|0.000000|1.000000
5|0.000000|0.817748|0.000000|1.000000
5|0.000000|0.821282|0.000000|1.000000
5|0.007629|0.812170|0.000000|1.000000
5|0.000000|0.814595|0.000000|1.000000
5|0.000000|0.812292|0.000000|1.000000
5|0.000000|0.815503|0.000000|1.000000
5|0.000000|0.812829|0.000000|1.000000
5|0.000000|0.816759|0.000000|1.000000
5|0.000000|0.818647|0.000000|1.000000
5|0.000000|0.815904|0.000000|0.982107
5|0.000000|0.818578|0.000000|0.965408
5|0.000000|0.817985|0.000000|1.000000
5|0.000000|0.813754|0.000000|1.000000
5|0.000000|0.815018|0.000000|1.000000
5|0.000000|0.816711|0.000000|1.000000
5|0.000000|0.813097|0.000000|1.000000
5|0.000000|0.820948|0.000000|1.000000
5|0.000000|0.818957|0.000000|1.000000
5|0.000000|0.818208|0.000000|1.000000
5|0.000000|0.815684|0.000000|0.986963
5|0.000000|0.813220|0.000000|1.000000
5|0.000000|0.821011|0.000000|1.000000
5|0.000000|0.820093|0.000000|1.000000
5|0.000000|0.817412|0.000000|0.998339
5|0.000000|0.816769|0.000000|1.000000
5|0.000000|0.815677|0.000000|1.000000
5|0.000000|0.812620|0.000000|1.000000
5|0.008509|0.811292|0.000000|1.000000
5|0.000000|0.814290|0.000000|0.987198
5|0.000000|0.816754|0.000000|1.000000
5|0.000000|0.812989|0.000000|1.000000
5|0.000000|0.819780|0.000000|1.000000
5|0.000000|0.812068|0.000000|1.000000
5|0.000000|0.814476|0.000000|1.000000
5|0.000000|0.811493|0.000000|1.000000
3|0.000000|0.825118|0.000000|0.958850
3|0.000000|0.818973|0.000000|0.997223
3|0.000000|0.825916|0.000000|0.965435
3|0.000000|0.820104|0.000000|0.989845
3|0.000000|0.823255|0.000000|0.967371
3|0.000000|0.825734|0.000000|0.932522
3|0.000000|0.821465|0.000000|0.984863
3|0.060581|0.779519|0.000000|1.000000
