0.000000;0.768837;0.063016;0.000000;0.092373
0.091536;0.903214;0.646129;0.129146;0.019462
0.263375;0.662040;0.986769;0.015499;0.060262
0.405610;0.711810;0.039929;0.049780;0.000000
0.000000;0.949689;0.308230;0.000000;0.006884
0.000000;0.989278;0.908862;0.117164;0.000000
0.076927;0.873541;1.000000;0.000000;0.000000
0.101544;0.956271;0.844877;0.000000;0.000000
0.134483;1.000000;0.060381;0.202098;0.322558
0.008214;0.932604;0.096234;0.176725;0.000000
0.024817;0.777509;0.491164;0.000000;0.000000
0.227581;0.970794;1.000000;0.274165;0.106620
0.067261;0.795321;1.000000;0.122778;0.000000
0.520191;1.000000;0.063945;0.000000;0.173311
0.779345;0.930628;0.057795;0.115053;0.097536
0.000000;1.000000;0.895574;0.063874;0.000000
0.433287;0.944386;0.710870;0.000000;0.117226
0.490084;0.792633;0.285046;0.000000;0.218131
0.470875;0.871310;0.030421;0.000000;0.000000
0.143598;0.991111;0.738802;0.141649;0.000000
0.298586;0.754542;0.083807;0.010981;0.006206
0.114057;0.875377;0.217498;0.000000;0.101654
0.279750;0.699833;0.010065;0.000000;0.145581
0.129583;0.884980;0.371129;0.000000;0.166418
0.000000;1.000000;0.390087;0.016535;0.015237
0.428346;0.696448;0.054190;0.063581;0.142914
0.093737;0.816407;0.406098;0.099246;0.151437
0.166579;0.997615;0.075613;0.001616;0.039239
0.036276;0.989620;0.375960;0.000000;0.000000
0.140331;0.784491;0.210682;0.106510;0.114754
0.151014;0.862415;0.619736;0.082228;0.000000
0.271381;0.787023;0.034274;0.111406;0.000000
0.268445;0.928885;0.086748;0.000000;0.118814
0.543892;0.692880;0.000000;0.071928;0.111726
0.021570;0.845267;0.303526;0.000000;0.000000
0.000000;0.843534;0.000000;0.000000;0.418629
0.506001;0.928690;0.033165;0.027490;0.071713
0.046219;1.000000;0.153687;0.016597;0.271422
0.000000;0.954456;0.287866;0.143108;0.243260
0.135097;1.000000;0.731703;0.200291;0.000000
0.000000;1.000000;0.717366;0.069116;0.144456
0.811617;0.411310;0.096173;0.000000;0.070801
0.395653;0.709327;0.809466;0.041998;0.000000
0.457810;1.000000;0.036549;0.000000;0.000000
0.568303;1.000000;0.016382;0.000000;0.001955
0.242749;0.834007;0.811327;0.156356;0.048451
0.169780;0.931868;1.000000;0.203814;0.000000
0.134374;0.952606;0.926827;0.000000;0.000000
0.000000;0.884194;0.684607;0.004093;0.000000
0.048883;0.870805;0.072200;0.068978;0.076632
0.668037;0.597224;0.000000;0.170692;0.110438
0.093663;0.735391;0.153517;0.000000;0.054878
0.193656;0.911902;0.257753;0.000000;0.034741
0.000000;1.000000;0.000000;0.112834;0.115284
0.086795;0.859817;0.778052;0.164588;0.386810
0.073054;1.000000;0.120030;0.000000;0.263207
0.288178;1.000000;0.811784;0.000000;0.075116
0.305213;1.000000;0.507601;0.130304;0.091123
0.647608;0.831543;0.292873;0.057202;0.020242
0.582422;1.000000;0.000000;0.082538;0.338333
0.134482;1.000000;1.000000;0.303467;0.000000
0.312769;0.952978;0.927399;0.000000;0.125435
0.022229;0.773092;1.000000;0.089545;0.026624
0.022645;0.882121;0.025367;0.198082;0.010957
0.000000;0.966373;0.525344;0.103603;0.018289
0.350967;0.625617;0.037243;0.083360;0.026602
0.117924;0.978782;0.000000;0.105117;0.048733
0.000000;0.996515;0.102159;0.017923;0.150388
0.009713;0.900947;0.607951;0.065293;0.091497
0.634548;0.883831;0.114471;0.103274;0.008832
0.233750;0.951541;0.323799;0.114230;0.075519
0.000000;0.987160;0.765105;0.000000;0.085780
0.721037;0.573320;0.066034;0.000000;0.072215
0.000000;1.000000;0.127042;0.076459;0.029849
0.499019;1.000000;0.219141;0.000000;0.007794
0.599593;0.816446;0.064019;0.011513;0.061002
0.073199;0.976133;0.568336;0.047535;0.144924
0.093892;1.000000;0.026746;0.000000;0.000000
0.340083;0.869626;0.055117;0.113410;0.078558
0.211174;0.905033;0.655977;0.083721;0.286625
0.351796;0.585645;0.000000;0.051338;0.104108
0.582024;0.336808;0.253407;0.051765;0.262800
0.047015;0.634948;0.805515;0.036896;0.000000
0.000000;0.991630;0.148807;0.097559;0.081923
0.044599;0.937499;0.086699;0.248738;0.032723
0.344640;1.000000;0.000000;0.000000;0.068599
0.123493;0.984591;0.000000;0.080269;0.006430
0.319142;0.768616;0.421821;0.163166;0.000000
0.026388;0.806140;0.195099;0.238615;0.342162
0.026466;0.885484;0.585530;0.063359;0.000000
0.416473;0.698510;0.551123;0.000000;0.014969
0.365383;0.970900;0.077817;0.071836;0.091447
0.162095;0.731527;0.673181;0.167347;0.000000
0.024055;1.000000;0.581907;0.292955;0.000000
0.119075;0.890489;0.695581;0.000434;0.010276
0.232226;1.000000;0.030308;0.249151;0.350485
0.097931;0.958653;0.451992;0.170796;0.024673
0.532691;0.843530;0.105501;0.009212;0.061294
0.103422;1.000000;0.287023;0.127858;0.186175
0.100356;0.969810;0.285413;0.268333;0.240499
