0.019612;0.999890;0.707634;0.156657;0.000000
0.006499;0.988245;0.772333;0.137182;0.010893
0.086520;0.961234;0.697235;0.183005;0.030201
0.057134;0.970560;0.634111;0.146626;0.042606
0.042984;0.929445;0.901184;0.126069;0.000000
0.031680;1.000000;0.726158;0.121878;0.045307
0.033775;0.957336;0.786646;0.167100;0.031437
0.067659;0.940200;0.689618;0.209002;0.011480
0.025435;0.978803;0.687433;0.121522;0.031044
0.035133;0.989964;0.705065;0.167326;0.000000
0.032795;0.951318;0.774484;0.180136;0.025229
0.028986;1.000000;0.751257;0.134483;0.041797
0.026108;0.980341;0.772558;0.151296;0.012649
0.058420;0.982996;0.687208;0.186119;0.029495
0.047537;0.944501;0.744834;0.165982;0.025571
0.032912;0.998109;0.725819;0.147941;0.011065
0.000000;0.985609;0.731541;0.150848;0.011044
0.066060;1.000000;0.681371;0.179768;0.000000
0.040461;0.990727;0.749398;0.155844;0.024245
0.050363;0.994131;0.707407;0.152003;0.025984
0.126827;0.985394;0.592453;0.204588;0.000000
0.067072;0.984730;0.689095;0.186370;0.024770
0.067790;0.850143;0.335283;0.146274;0.070846
0.072224;0.953619;0.708997;0.174774;0.010355
0.052930;0.984344;0.730253;0.190769;0.033046
0.058287;0.992435;0.682086;0.142562;0.056621
0.000000;0.958187;0.966451;0.125487;0.022629
0.019879;0.942987;0.945406;0.125943;0.000000
0.081123;0.965794;0.914255;0.194591;0.000000
0.118093;0.950855;0.613915;0.227876;0.000000
0.091783;0.976181;0.670995;0.207237;0.015908
0.043637;0.996980;0.715743;0.150023;0.061006
0.066643;0.925260;0.978248;0.155808;0.001120
0.094722;0.998370;0.733875;0.181998;0.000226
0.120950;0.944936;0.586012;0.193560;0.018455
0.046333;0.997856;0.602308;0.166703;0.022126
0.028328;0.976933;0.786420;0.139097;0.019809
0.027140;0.957227;0.778514;0.166084;0.025750
0.008542;1.000000;0.734828;0.134125;0.003740
0.041798;0.955127;0.642784;0.156204;0.040664
0.034738;0.983145;0.731448;0.144573;0.004983
0.019683;0.949019;0.787964;0.163751;0.014878
0.018853;0.972379;0.614537;0.164241;0.029231
0.024428;0.994834;0.671125;0.131874;0.000000
0.029610;0.917610;0.908287;0.162799;0.014544
0.034784;0.997260;0.746428;0.145383;0.034417
0.098751;1.000000;0.950998;0.156937;0.002595
0.000000;0.953117;0.679471;0.120310;0.019037
0.000000;0.934621;0.950054;0.140120;0.019946
0.040819;0.997510;0.638365;0.155928;0.035821
0.068512;0.956841;0.759298;0.148949;0.008085
0.028362;0.991407;0.739587;0.155182;0.005093
0.044020;0.983856;0.711578;0.142414;0.017125
0.038302;1.000000;0.705555;0.154937;0.010117
0.032994;0.992941;0.620576;0.148913;0.022384
0.032783;1.000000;0.776336;0.110556;0.012977
0.016833;0.990323;0.716833;0.142121;0.032511
0.078722;0.950167;0.705077;0.153043;0.014892
0.048993;1.000000;0.677592;0.160638;0.000000
0.010592;0.974052;0.679921;0.105593;0.051113
0.025624;0.999547;0.690953;0.165172;0.013955
0.032483;1.000000;0.571167;0.172164;0.017190
0.066299;0.908540;0.949859;0.139576;0.020528
0.001655;1.000000;0.726694;0.123707;0.020731
0.036174;0.980744;0.793025;0.133638;0.021402
0.000000;0.972148;0.700347;0.126659;0.005142
0.002780;0.975044;0.704447;0.108323;0.000000
0.074691;1.000000;0.938389;0.174287;0.000000
0.082129;0.968472;0.746368;0.184508;0.019728
0.075140;0.981823;0.646965;0.175597;0.046599
0.044094;1.000000;0.679465;0.157965;0.003444
0.021885;1.000000;0.620581;0.182525;0.017394
0.098374;1.000000;0.514684;0.207353;0.000000
0.018963;0.979455;0.785372;0.156682;0.016592
0.044984;0.957004;0.919337;0.129864;0.008833
0.028854;0.968675;0.714364;0.139476;0.005594
0.000000;0.972672;0.690932;0.105575;0.056443
0.043256;1.000000;0.632689;0.125915;0.037119
0.008259;0.987944;0.700404;0.141397;0.032608
0.013172;1.000000;0.773762;0.140938;0.009432
0.021274;0.981815;0.629298;0.151584;0.029204
0.034957;0.942696;0.764190;0.170913;0.022629
0.041506;0.988308;0.732594;0.125087;0.013721
0.031679;1.000000;0.774331;0.137100;0.010782
0.052002;0.950965;0.694669;0.168570;0.016666
0.085428;0.999103;0.598113;0.212622;0.016773
0.013174;0.939588;0.737974;0.158447;0.057325
0.023194;0.993396;0.662127;0.176231;0.006939
0.036615;0.984495;0.645317;0.142604;0.034845
0.037633;1.000000;0.571338;0.186330;0.046701
0.052576;1.000000;0.763037;0.105788;0.000000
0.030216;0.992881;0.708147;0.106025;0.000024
0.096006;0.964201;0.663724;0.204166;0.000000
0.023823;0.984344;0.773550;0.170868;0.013637
0.043803;0.965583;0.745069;0.145355;0.004286
0.025525;0.971455;0.703118;0.130497;0.063949
0.065840;0.887637;0.959966;0.177250;0.000000
0.031483;0.965183;0.746507;0.144936;0.034680
0.049586;0.934853;0.668343;0.147880;0.042403
0.000182;1.000000;0.688939;0.153958;0.024713
