0.009450;0.989917;0.795208;0.139912;0.038231
0.025457;0.956627;0.670735;0.134648;0.030270
0.024235;0.981804;0.764259;0.134619;0.000000
0.005044;0.991442;0.753134;0.135631;0.018412
0.131968;0.976989;0.599445;0.191944;0.001299
0.016159;0.970573;0.950779;0.112314;0.030631
0.059326;0.987482;0.738562;0.164952;0.012676
0.091048;0.963733;0.686696;0.198938;0.001368
0.059928;0.924676;0.914938;0.167276;0.015861
0.101030;0.989401;0.601159;0.206326;0.000000
0.003913;0.982618;0.724086;0.120841;0.066860
0.081234;0.971941;0.686195;0.166904;0.023876
0.019633;0.942157;0.915562;0.128155;0.017968
0.144776;0.954902;0.592703;0.233949;0.015709
0.001990;0.992501;0.715095;0.142050;0.046070
0.073725;0.997372;0.748613;0.188908;0.029314
0.008817;0.978445;0.702492;0.151113;0.038944
0.061944;0.998227;0.949775;0.164446;0.006445
0.103444;0.989310;0.745423;0.163762;0.021515
0.070847;1.000000;0.709059;0.156759;0.038837
0.055507;0.932489;0.822897;0.146956;0.052587
0.076603;0.998468;0.942119;0.160547;0.025023
0.096981;1.000000;0.741403;0.172828;0.029335
0.026045;0.931477;0.923948;0.168688;0.004222
0.037924;0.987929;0.755354;0.147849;0.020868
0.076570;0.994184;0.984354;0.169597;0.046468
0.083219;1.000000;0.729579;0.168124;0.014266
0.025455;0.917691;0.942360;0.168733;0.000000
0.031606;0.946320;0.919787;0.143725;0.000000
0.035639;0.989846;0.724153;0.153364;0.050502
0.071824;0.982207;0.754202;0.191159;0.035585
0.073890;0.915277;0.945047;0.153842;0.025575
0.006410;0.993474;0.711392;0.130244;0.017974
0.032132;0.998035;0.653673;0.160545;0.000000
0.058673;0.943045;0.722092;0.153547;0.020387
0.002420;0.924948;0.933207;0.153734;0.022663
0.000000;0.985239;0.795814;0.151734;0.008901
0.010250;0.976156;0.772298;0.149627;0.040844
0.018408;1.000000;0.668076;0.137508;0.023318
0.050606;0.953598;0.685856;0.157554;0.025065
0.022609;0.984252;0.742081;0.153067;0.000000
0.018647;0.994389;0.691560;0.163672;0.000374
0.018936;0.970566;0.657808;0.146452;0.020237
0.012729;0.974824;0.674273;0.153027;0.000000
0.065870;0.967102;0.756434;0.160541;0.020756
0.050122;0.968459;0.787230;0.140093;0.055816
0.078101;0.877298;0.935073;0.183999;0.033169
0.054939;0.985680;0.738118;0.152864;0.020503
0.051427;0.982171;0.768327;0.175149;0.029563
0.009880;0.955335;0.737643;0.133215;0.012488
0.038771;0.980777;0.679665;0.173067;0.000000
0.010704;0.944489;0.941163;0.131211;0.036986
0.038468;0.995391;0.718539;0.160847;0.003076
0.010914;1.000000;0.775356;0.134651;0.021801
0.000000;0.962521;0.773338;0.120477;0.010789
0.041107;1.000000;0.609849;0.156114;0.049394
0.034415;0.970430;0.755058;0.125462;0.000000
0.017264;0.999031;0.654258;0.141041;0.000000
0.073936;0.987011;0.679415;0.168436;0.015479
0.015553;0.986646;0.669167;0.183199;0.007447
0.034115;0.972519;0.766384;0.148113;0.017341
0.059920;0.972902;0.757675;0.156222;0.033412
0.027426;0.939763;0.687064;0.144505;0.021926
0.077239;0.930929;0.695187;0.189205;0.000000
0.015171;0.988294;0.688072;0.118411;0.025659
0.041171;0.979111;0.603210;0.141821;0.027971
0.025769;0.963725;0.673698;0.108348;0.086671
0.027606;0.969738;0.689616;0.131804;0.011039
0.031439;0.966567;0.623147;0.159859;0.051572
0.000000;0.968548;0.732736;0.107764;0.015145
0.039633;0.948752;0.793101;0.148080;0.002841
0.067878;0.975754;0.697819;0.163496;0.000000
0.063303;0.981127;0.672899;0.172360;0.012468
0.054790;0.967064;0.763497;0.154895;0.008449
0.014231;0.974912;0.736002;0.134817;0.000000
0.036602;0.946773;0.669992;0.152680;0.066514
0.021876;0.972521;0.693010;0.145610;0.078809
0.049342;0.964738;0.797536;0.147110;0.024238
0.055258;0.993279;0.736666;0.158882;0.044081
0.051132;0.985853;0.791102;0.136495;0.014519
0.065626;0.992210;0.713965;0.178835;0.024846
0.073469;0.963581;0.758269;0.185169;0.010786
0.076245;0.936081;0.807521;0.172710;0.067864
0.063594;0.992435;0.729630;0.174023;0.036929
0.047254;0.975319;0.708396;0.165479;0.023652
0.049260;0.997924;0.743539;0.139241;0.000000
0.023062;0.998286;0.748919;0.154773;0.031691
0.028603;0.954198;0.798037;0.162819;0.012161
0.044152;0.990413;0.692196;0.167086;0.010217
0.059672;0.982556;0.728972;0.160615;0.049206
0.057896;0.956387;0.755482;0.166770;0.000000
0.050776;0.891572;0.961768;0.162660;0.015934
0.040538;0.906797;0.949240;0.160038;0.001188
0.035844;1.000000;0.630383;0.144594;0.068430
0.024538;0.983943;0.765606;0.156488;0.026979
0.054981;0.971198;0.709769;0.180817;0.011959
0.025826;0.940682;0.939925;0.138875;0.025500
0.060868;1.000000;0.580991;0.165283;0.035083
0.042622;0.995059;0.624752;0.144971;0.049675
0.005628;0.962652;0.778058;0.152149;0.035917
