0.022076;0.961760;0.764628;0.130299;0.005132
0.060521;0.985437;0.724057;0.173079;0.004738
0.000000;1.000000;0.690576;0.142633;0.038253
0.086097;0.990386;0.625746;0.206136;0.004327
0.078526;0.973294;0.683690;0.172020;0.014262
0.033055;0.980850;0.754554;0.132564;0.000000
0.126223;0.990782;0.548973;0.191838;0.026241
0.049133;0.971789;0.707081;0.158967;0.006956
0.031787;0.958284;0.755624;0.154525;0.033781
0.034407;0.974228;0.777896;0.121546;0.000000
0.065169;1.000000;0.666961;0.201073;0.002143
0.105287;0.991877;0.528309;0.202068;0.033461
0.096087;0.981077;0.643638;0.200220;0.000000
0.076696;1.000000;0.754875;0.152808;0.000000
0.110952;0.954771;0.952687;0.194199;0.038592
0.058945;1.000000;0.979823;0.176938;0.019734
0.078877;0.973813;0.653921;0.193602;0.017994
0.040393;0.949195;0.684341;0.157528;0.048063
0.008648;0.991360;0.754331;0.118405;0.003159
0.092597;0.999467;0.532288;0.194268;0.050017
0.113418;0.991606;0.623530;0.235801;0.000000
0.012445;0.995756;0.955872;0.126512;0.013277
0.103785;1.000000;0.650506;0.201221;0.006607
0.092145;0.969654;0.721967;0.185336;0.003838
0.078315;0.978756;0.690729;0.196564;0.019521
0.092757;0.976232;0.681932;0.171335;0.036294
0.000000;0.991146;0.637743;0.140539;0.008175
0.018013;0.908908;0.906267;0.135847;0.001711
0.000774;0.987801;0.687111;0.138197;0.043228
0.040723;0.984531;0.646463;0.154103;0.036417
0.032768;1.000000;0.701367;0.140506;0.000000
0.072479;0.953877;0.670306;0.141595;0.046490
0.083562;0.966462;0.756107;0.164242;0.000000
0.078391;0.984357;0.671997;0.171552;0.000000
0.049598;0.951184;0.928580;0.182050;0.000000
0.094698;0.978999;0.668366;0.192965;0.000958
0.066791;0.976216;0.739436;0.160841;0.020085
0.118622;0.979352;0.602461;0.231714;0.034342
0.031185;0.985885;0.779733;0.168178;0.028000
0.029468;0.965119;0.749402;0.143940;0.000000
0.028928;0.967275;0.948494;0.118891;0.000000
0.006552;1.000000;0.764090;0.147628;0.018582
0.071817;0.987766;0.702694;0.175507;0.037025
0.022256;0.951594;0.942059;0.122482;0.011372
0.005386;0.993659;0.614753;0.126813;0.003563
0.044485;0.981703;0.730751;0.153352;0.000000
0.002985;0.990005;0.718950;0.105752;0.013211
0.000000;1.000000;0.624035;0.160655;0.012508
0.107999;0.966750;0.945376;0.179344;0.015036
0.072359;0.853270;0.887890;0.160281;0.000000
0.036704;0.953412;0.727484;0.152028;0.005565
0.005473;1.000000;0.734999;0.146044;0.032370
0.034362;0.953725;0.717088;0.169667;0.035007
0.038267;0.930056;0.709870;0.169356;0.029673
0.047194;0.936904;0.740176;0.181089;0.000000
0.061008;0.953395;0.778457;0.159334;0.021279
0.017082;1.000000;0.722885;0.140810;0.000000
0.055184;0.996772;0.629760;0.158959;0.000000
0.012204;0.982606;0.617228;0.144086;0.012136
0.107971;0.973382;0.700733;0.190594;0.005063
0.098815;0.982509;0.691189;0.169472;0.000000
0.104412;0.976669;0.682881;0.165535;0.015366
0.092757;0.992568;0.634247;0.221825;0.008260
0.108765;0.973513;0.676729;0.193795;0.000000
0.149040;0.944077;0.607132;0.212470;0.022198
0.000000;0.995745;0.727681;0.116180;0.004459
0.057035;1.000000;0.740775;0.187073;0.000000
0.065078;0.959940;0.755175;0.197629;0.000000
0.034620;0.961173;0.729224;0.157806;0.026231
0.028999;0.982023;0.692723;0.131605;0.056230
0.018181;0.998320;0.728752;0.118302;0.014927
0.026183;0.972906;0.731890;0.136266;0.000000
0.072401;0.890992;0.663364;0.186671;0.079358
0.094336;0.933674;0.893264;0.138845;0.025392
0.072076;0.880543;0.358501;0.192284;0.030542
0.032911;1.000000;0.625643;0.150030;0.000000
0.051942;0.897852;0.620064;0.140405;0.056783
0.033141;0.948780;0.748464;0.137967;0.015448
0.000000;1.000000;0.682416;0.124037;0.064343
0.022461;0.968443;0.891877;0.134092;0.000661
0.013720;0.949037;0.746950;0.167462;0.008086
0.024263;0.958097;0.717167;0.136224;0.044579
0.006377;1.000000;0.696476;0.170426;0.004233
0.102142;0.940670;0.590891;0.189238;0.017899
0.009329;0.982762;0.711966;0.140979;0.020897
0.083950;0.927291;0.769893;0.181825;0.000000
0.004914;0.976035;0.688468;0.143335;0.060335
0.000000;1.000000;0.650647;0.164087;0.024408
0.022984;0.948293;0.708034;0.150470;0.021775
0.017220;0.987367;0.606897;0.172521;0.041165
0.043062;0.981925;0.661711;0.169478;0.004196
0.022439;0.934250;0.738709;0.178116;0.011618
0.017472;0.972996;0.748731;0.159440;0.016749
0.032920;0.974028;0.708266;0.142443;0.033453
0.023132;1.000000;0.700147;0.155172;0.000000
0.031607;0.999739;0.609214;0.148550;0.022969
0.052234;0.889214;0.951131;0.130715;0.012741
0.025469;0.982537;0.754103;0.134451;0.013050
0.000000;0.999389;0.764063;0.120489;0.007424
0.070087;0.882108;0.636544;0.163784;0.055587
