0.071775;0.960121;0.346675;0.192350;0.000000
0.187633;0.893442;0.404804;0.251843;0.103945
0.042681;0.944959;0.969947;0.127150;0.057938
0.237519;0.943060;0.280921;0.287462;0.046518
0.097782;1.000000;0.699095;0.231668;0.000000
0.050630;0.917778;0.918652;0.167369;0.021514
0.041925;0.922358;0.865677;0.157721;0.111418
0.032509;0.959477;0.895202;0.103088;0.005387
0.120530;1.000000;0.810720;0.209027;0.031467
0.194559;0.907323;0.873674;0.234957;0.000000
0.073805;1.000000;0.681890;0.185302;0.005844
0.092370;0.942507;0.573748;0.238873;0.086766
0.162163;0.903540;0.904221;0.223177;0.020956
0.082234;0.988531;0.759795;0.140507;0.025789
0.099767;0.958090;0.568632;0.191486;0.000000
0.044097;0.966817;0.988242;0.159939;0.051243
0.038286;0.996890;0.177087;0.172985;0.004374
0.028393;0.839951;0.921255;0.111061;0.019965
0.024038;0.988661;0.706743;0.138254;0.000000
0.000000;0.915429;0.950407;0.141299;0.000000
0.001437;0.964723;0.892344;0.106051;0.000000
0.076725;0.974555;0.615959;0.204503;0.006468
0.199406;0.987334;0.251132;0.332085;0.009651
0.031195;0.968735;0.878039;0.131386;0.053956
0.085272;0.992846;0.772255;0.189003;0.000000
0.008427;1.000000;0.880975;0.124905;0.000000
0.042734;1.000000;0.829180;0.162086;0.004273
0.000000;1.000000;0.958416;0.083669;0.041906
0.083582;0.912894;0.958881;0.186263;0.000000
0.000000;0.952983;0.995279;0.127025;0.051556
0.025486;0.943432;0.484577;0.146319;0.057017
0.000000;1.000000;0.715374;0.163106;0.067003
0.001743;0.925805;0.841648;0.124059;0.025251
0.076408;0.932246;0.728699;0.194969;0.000000
0.063001;0.992034;0.442658;0.222504;0.066942
0.001389;0.870609;0.885857;0.135707;0.003332
0.000000;0.934856;0.917723;0.173743;0.015508
0.005935;0.989271;0.943156;0.147708;0.000000
0.145192;0.985369;0.348393;0.323241;0.003007
0.040598;0.971562;0.700928;0.127181;0.047161
0.091824;0.982746;0.592667;0.167059;0.045013
0.087124;0.983930;0.699006;0.168808;0.023743
0.000000;0.917939;0.559855;0.037614;0.003694
0.127453;0.993234;0.514449;0.221410;0.008239
0.025844;0.949664;0.874775;0.109154;0.154324
0.067106;0.966441;0.760500;0.149537;0.007539
0.038109;0.931918;0.849719;0.124410;0.075917
0.142447;0.927956;0.746155;0.167509;0.053885
0.017850;0.968917;0.926829;0.166805;0.081182
0.037856;1.000000;0.701457;0.156349;0.000000
0.039200;0.958462;0.803239;0.155721;0.073915
0.190004;1.000000;0.319015;0.270186;0.000000
0.111338;0.956919;0.859828;0.162913;0.000000
0.000000;0.972125;0.980905;0.096758;0.001596
0.044643;0.988754;0.845928;0.182906;0.080978
0.004242;0.922174;0.894774;0.114749;0.120461
0.001183;0.936399;0.962602;0.107683;0.029727
0.040841;0.914892;0.926098;0.200485;0.013982
0.128232;1.000000;0.652705;0.208870;0.000000
0.000000;0.954665;0.954385;0.122650;0.013659
0.120477;0.975162;0.493254;0.224814;0.017293
0.003783;0.978324;0.968940;0.148280;0.038475
0.000000;0.966364;0.718748;0.125790;0.013789
0.049353;0.954336;0.750839;0.174886;0.000000
0.079138;0.954748;0.867227;0.171953;0.000882
0.043226;0.991052;0.750375;0.213657;0.054670
0.039784;1.000000;0.731643;0.181568;0.081011
0.103046;0.956134;0.812927;0.168201;0.025781
0.092852;0.925379;0.888971;0.157435;0.053928
0.213678;0.987366;0.252595;0.320615;0.020443
0.000000;0.997309;0.911595;0.134478;0.000000
0.007385;0.950671;0.820480;0.112843;0.044766
0.020702;0.954289;0.716301;0.154439;0.029871
0.000000;0.977610;0.746618;0.091272;0.090584
0.090435;0.981113;0.607687;0.181676;0.027572
0.000000;0.967437;0.881487;0.116199;0.025848
0.031566;0.909081;0.890127;0.146027;0.010171
0.017992;0.965939;0.920116;0.123957;0.065640
0.066209;1.000000;0.692599;0.136816;0.033546
0.058847;0.956220;0.785201;0.129475;0.078960
0.009615;1.000000;0.892466;0.094312;0.001665
0.073159;0.975217;0.730380;0.157339;0.026788
0.064866;0.824001;0.724214;0.148199;0.025953
0.025309;0.882214;0.402552;0.133662;0.000000
0.098599;0.908731;0.120524;0.199964;0.000000
0.061403;0.828238;0.297821;0.121516;0.077531
0.055147;0.980393;0.161066;0.133252;0.040722
0.041876;0.819182;0.400792;0.138340;0.003411
0.030656;0.901566;0.509633;0.059491;0.048734
0.073006;0.834148;0.412407;0.210443;0.005729
0.000000;0.826452;0.538135;0.114652;0.000000
0.142634;0.985680;0.459665;0.204381;0.000000
0.178793;0.964227;0.263196;0.267976;0.090520
0.018856;0.966166;0.740125;0.129796;0.095287
0.019131;0.938040;0.893792;0.131943;0.058744
0.087552;0.939379;0.957266;0.175321;0.000997
0.124265;0.976822;0.894488;0.219996;0.000000
0.136413;0.922852;0.427178;0.275610;0.141126
0.065538;0.895817;0.934439;0.168992;0.033639
0.091528;0.855290;0.323089;0.165031;0.003843
