4|0.000000|0.812621|0.000000|1.000000
4|0.000000|0.819657|0.000000|1.000000
4|0.000000|0.813068|0.000000|1.000000
4|0.000000|0.816334|0.000000|1.000000
4|0.000000|0.820211|0.000000|1.000000
4|0.000000|0.816949|0.000000|1.000000
4|0.000000|0.813389|0.000000|1.000000
4|0.000000|0.818985|0.000000|1.000000
4|0.000000|0.821767|0.000000|1.000000
4|0.000000|0.815245|0.000000|0.997902
4|0.000000|0.819006|0.000000|0.960734
4|0.000000|0.820048|0.000000|1.000000
3|0.000000|0.820661|0.000000|0.995475
3|0.000000|0.815854|0.000000|1.000000
3|0.000000|0.813133|0.000000|1.000000
3|0.000000|0.813936|0.000000|1.000000
3|0.000000|0.818950|0.000000|1.000000
3|0.000000|0.811529|0.000000|1.000000
3|0.000000|0.819624|0.000000|1.000000
3|0.000000|0.817930|0.000000|0.965872
3|0.000000|0.812527|0.000000|1.000000
3|0.000000|0.823856|0.000000|1.000000
3|0.000000|0.833145|0.000000|0.983167
3|0.000000|0.830930|0.000000|1.000000
3|0.000000|0.825705|0.000000|1.000000
3|0.000000|0.831903|0.000000|1.000000
3|0.000000|0.825467|0.000000|1.000000
3|0.000000|0.833141|0.000000|1.000000
3|0.000000|0.825111|0.000000|0.929580
3|0.000000|0.832220|0.000000|0.987242
3|0.004902|0.827262|0.000000|1.000000
3|0.021065|0.812910|0.000000|1.000000
2|0.000000|0.827367|0.000000|1.000000
2|0.000000|0.824344|0.000000|1.000000
2|0.000000|0.827310|0.000000|1.000000
2|0.000000|0.824594|0.000000|1.000000
2|0.000000|0.830379|0.000000|1.000000
2|0.000000|0.829251|0.000000|1.000000
2|0.000000|0.822398|0.000000|0.983020
2|0.000000|0.824880|0.000000|1.000000
2|0.000000|0.827768|0.000000|1.000000
2|0.000000|0.832736|0.000000|1.000000
2|0.000000|0.826139|0.000000|1.000000
2|0.000000|0.825638|0.000000|1.000000
2|0.000000|0.829004|0.000000|0.933253
2|0.000000|0.822076|0.000000|1.000000
2|0.000000|0.822134|0.000000|1.000000
2|0.000000|0.824156|0.000000|1.000000
2|0.000000|0.832520|0.000000|1.000000
2|0.000000|0.822837|0.000000|1.000000
2|0.000000|0.826795|0.000000|1.000000
2|0.000000|0.824923|0.000000|1.000000
2|0.000000|0.829533|0.000000|1.000000
2|0.000000|0.823229|0.000000|1.000000
2|0.000000|0.824197|0.000000|1.000000
2|0.000000|0.822396|0.000000|1.000000
