1;0.024345;0.791218;0.779783;0.036590;0.074782
1;0.088727;0.865918;0.609166;0.000000;0.029614
1;0.000000;0.931134;0.232817;0.141609;0.013240
3;0.258014;0.808379;0.232241;0.000000;0.016301
1;0.267594;0.787545;0.525600;0.000000;0.047400
1;0.042374;0.910580;0.248705;0.085146;0.030893
1;0.196757;0.784060;0.679402;0.000000;0.065556
1;0.333420;0.666678;0.197104;0.041508;0.272499
1;0.210354;0.704143;0.484466;0.002467;0.000000
2;0.000000;1.000000;0.377976;0.133744;0.030556
1;0.069321;0.747981;0.170705;0.120583;0.107205
1;0.007260;0.855867;0.388111;0.021978;0.116214
1;0.380544;0.676347;0.232143;0.079840;0.055963
1;0.319568;0.803108;0.126978;0.000000;0.000000
1;0.263962;0.922340;0.342726;0.000000;0.036806
3;0.305786;0.762377;0.328287;0.060759;0.001824
1;0.237035;0.833890;0.611208;0.042906;0.042200
1;0.384530;0.816027;0.175703;0.000000;0.035560
1;0.000000;0.791166;0.702918;0.148570;0.090482
1;0.317710;0.660441;0.117446;0.123442;0.133758
1;0.045923;0.867835;0.483249;0.060121;0.099754
1;0.342094;0.867599;0.311161;0.018305;0.000000
1;0.334090;0.787778;0.131992;0.016433;0.121169
1;0.018499;0.904960;0.648672;0.005483;0.000000
1;0.379237;0.769885;0.118743;0.052825;0.144300
3;0.197349;0.780110;0.367104;0.018998;0.030500
1;0.416007;0.724436;0.113077;0.134928;0.000000
1;0.044225;0.945515;0.339052;0.147388;0.088009
1;0.208557;0.966791;0.089490;0.091341;0.030618
1;0.149505;0.847007;0.687410;0.019863;0.011367
1;0.125975;0.854027;0.560653;0.017861;0.000000
1;0.132957;0.863622;0.147738;0.210287;0.000000
1;0.253445;0.884429;0.140834;0.026858;0.044270
1;0.000000;0.992818;0.271358;0.034769;0.098702
1;0.039353;0.746353;0.869771;0.034964;0.084941
1;0.230022;0.688656;0.470329;0.064719;0.024231
1;0.013605;0.997495;0.359336;0.104485;0.052165
2;0.123508;0.775604;0.158032;0.176698;0.019018
1;0.220281;0.743352;0.511754;0.084880;0.000000
1;0.000000;0.865109;0.560527;0.022807;0.120011
1;0.044910;1.000000;0.663261;0.000000;0.043591
1;0.146115;0.816819;0.200864;0.029551;0.064295
1;0.417104;0.521359;0.174202;0.228507;0.035219
1;0.350793;0.792523;0.178883;0.000000;0.000000
1;0.117574;0.900348;0.018231;0.122668;0.013310
1;0.077732;0.717564;0.656141;0.067936;0.033710
2;0.140139;0.978625;0.565691;0.027124;0.016899
1;0.255859;0.884715;0.272640;0.012395;0.010703
1;0.371169;0.813862;0.100805;0.015345;0.021991
1;0.000000;0.839471;0.649992;0.121233;0.051465
1;0.000000;0.921803;0.594520;0.138464;0.000000
1;0.235508;0.771412;0.277165;0.135256;0.000000
1;0.146956;0.938787;0.603484;0.064500;0.036914
1;0.293426;0.784069;0.247793;0.006189;0.040199
1;0.336665;0.607574;0.018841;0.261654;0.000000
1;0.459084;0.499545;0.176597;0.223753;0.038659
1;0.533182;0.780049;0.555209;0.005264;0.000000
1;0.193429;0.846743;0.189717;0.000000;0.000000
2;0.173170;0.857661;0.694941;0.015615;0.057790
1;0.308886;0.714984;0.211729;0.055217;0.202345
1;0.231428;0.709740;0.463364;0.000000;0.045182
2;0.090897;0.930288;0.038601;0.267967;0.099174
1;0.082614;0.836503;0.702451;0.000000;0.000000
1;0.219688;0.778657;0.052984;0.043131;0.254835
1;0.309008;0.737961;0.352109;0.000000;0.000000
1;0.006500;0.905236;0.399157;0.052597;0.034131
1;0.092110;0.754386;0.628452;0.064509;0.000000
1;0.373705;0.833372;0.150996;0.000000;0.120469
1;0.343233;0.768605;0.077264;0.014638;0.180031
1;0.279234;0.820681;0.189193;0.043718;0.047286
1;0.443144;0.605951;0.072749;0.041227;0.132337
1;0.021860;1.000000;0.200193;0.000000;0.114703
1;0.065847;0.789637;0.865494;0.021898;0.060249
1;0.214796;0.756961;0.587331;0.049735;0.035910
1;0.358877;0.745243;0.146425;0.066969;0.193189
1;0.051969;0.693984;0.680798;0.047565;0.174456
2;0.263247;0.884846;0.310013;0.000000;0.010000
1;0.080155;0.931778;0.374780;0.000000;0.039913
1;0.068626;0.952165;0.030785;0.286985;0.033842
2;0.226116;0.724475;0.547312;0.014640;0.027891
1;0.314910;0.817973;0.143487;0.002130;0.000000
1;0.124208;0.850350;0.286020;0.000000;0.031131
1;0.322273;0.778298;0.311521;0.056955;0.045561
1;0.059877;0.806442;0.461116;0.162727;0.016053
2;0.160832;0.786333;0.566686;0.022437;0.000000
1;0.340339;0.851488;0.268728;0.000000;0.040676
1;0.005730;0.954838;0.000896;0.014723;0.306340
1;0.161060;0.704311;0.514053;0.032842;0.057973
1;0.123217;0.852090;0.576515;0.007919;0.000000
2;0.000000;0.945444;0.589403;0.122281;0.015065
1;0.061312;0.918690;0.173462;0.168461;0.016391
1;0.411192;0.610435;0.073051;0.179854;0.000000
1;0.487771;0.533653;0.161479;0.204034;0.038349
1;0.190063;0.816165;0.213373;0.031726;0.003030
2;0.235328;0.763026;0.458945;0.036700;0.082790
1;0.067434;0.922150;0.242316;0.115972;0.004980
1;0.324793;0.959266;0.223145;0.035999;0.014613
1;0.044163;0.908040;0.335851;0.053444;0.032834
2;0.084553;0.830226;0.708008;0.049726;0.022729
1;0.010091;0.955255;0.634768;0.000000;0.001259
1;0.199580;0.827942;0.191690;0.076472;0.052538
1;0.004863;1.000000;0.436686;0.142020;0.009073
1;0.373649;0.789265;0.140320;0.036234;0.000000
1;0.148604;0.772276;0.524216;0.000000;0.031364
1;0.343114;0.868085;0.237882;0.000000;0.038147
1;0.070344;0.877897;0.576634;0.036146;0.055016
1;0.242874;0.719502;0.375677;0.073180;0.007677
1;0.468887;0.736856;0.069371;0.115155;0.060000
1;0.011055;0.924974;0.607893;0.214500;0.043622
1;0.400823;0.622858;0.000000;0.196676;0.051674
1;0.224463;0.886712;0.200973;0.024165;0.000000
1;0.305882;0.972884;0.189534;0.000000;0.006954
1;0.197800;0.847710;0.706279;0.000000;0.020585
1;0.193515;0.856776;0.237284;0.103460;0.017082
1;0.242099;0.810603;0.278339;0.014826;0.040719
1;0.373232;0.759600;0.141562;0.071510;0.100392
1;0.023721;0.971136;0.579946;0.220445;0.004682
1;0.177898;0.791544;0.671662;0.026225;0.000000
1;0.043249;0.904230;0.429532;0.012896;0.001716
2;0.245897;0.693051;0.000000;0.047952;0.266699
1;0.127943;0.875071;0.386705;0.000000;0.040804
2;0.024347;0.834196;0.621562;0.199981;0.020601
1;0.304684;0.808692;0.156686;0.027569;0.090833
1;0.218572;0.931773;0.115601;0.079079;0.000000
1;0.012204;0.946245;0.616518;0.177115;0.000000
2;0.010710;1.000000;0.535822;0.171369;0.000000
1;0.257829;0.823371;0.170237;0.056862;0.000000
1;0.247422;0.777915;0.226779;0.000000;0.045464
1;0.000000;0.655734;0.885983;0.124424;0.130722
1;0.025577;0.884836;0.286780;0.000000;0.100714
3;0.235964;0.835119;0.105373;0.000000;0.000000
1;0.042302;0.969697;0.638042;0.018514;0.056954
1;0.136656;0.833133;0.196963;0.060557;0.000000
2;0.390062;0.528072;0.195409;0.241973;0.019129
2;0.429269;0.766217;0.201803;0.000000;0.000000
1;0.118495;0.798630;0.636470;0.015088;0.045417
1;0.236954;0.681321;0.062158;0.096090;0.224225
1;0.307310;0.876573;0.295422;0.037029;0.000000
2;0.312356;0.842061;0.122017;0.000000;0.102958
1;0.299333;0.743512;0.103804;0.000000;0.173279
