0.020646;0.985768;0.939484;0.165793;0.009124
0.000000;0.957118;0.074512;0.115465;0.019183
0.057171;0.801615;0.972427;0.035306;0.055557
0.226651;1.000000;0.000000;0.029632;0.018765
0.046775;1.000000;0.789245;0.109392;0.000000
0.039295;0.985655;0.317614;0.147713;0.160149
0.028439;0.951080;0.735852;0.085683;0.025624
0.018516;0.962194;0.878861;0.133988;0.015250
0.046496;0.983561;0.824207;0.174902;0.062457
0.021400;1.000000;0.478306;0.170145;0.035808
0.011789;0.859855;0.879675;0.128633;0.059748
0.054874;0.966402;0.849546;0.137006;0.018211
0.000000;0.984354;0.709893;0.092748;0.003826
0.000000;0.899217;0.896410;0.115329;0.035524
0.066975;1.000000;0.805998;0.118446;0.061551
0.097210;0.957007;0.439318;0.195476;0.130682
0.000000;1.000000;0.809806;0.103996;0.040853
0.030683;0.958095;0.059794;0.089279;0.068352
0.078387;1.000000;0.084467;0.233060;0.020525
0.000000;0.993567;0.096926;0.113929;0.017557
0.099677;0.847331;0.974130;0.195577;0.000000
0.142630;0.966206;0.000000;0.051330;0.000000
0.134133;0.880589;0.328114;0.066460;0.028221
0.148516;1.000000;0.200005;0.000000;0.023052
0.000000;0.960774;0.427595;0.132114;0.061303
0.118517;0.945996;0.112433;0.210899;0.018981
0.055125;0.960711;0.173057;0.172107;0.100058
0.000000;0.998328;0.044156;0.047176;0.096313
0.093195;1.000000;0.479617;0.221614;0.000000
0.015482;1.000000;0.772891;0.113302;0.000000
0.041269;0.810105;0.338929;0.145335;0.051508
0.109582;0.931083;0.807113;0.165978;0.000000
0.043331;1.000000;0.704091;0.136307;0.028862
0.000000;1.000000;0.811400;0.107500;0.000000
0.165617;1.000000;0.241032;0.243346;0.000000
0.102507;0.871368;0.796285;0.104234;0.057824
0.035933;0.991597;0.508517;0.110532;0.000000
0.073442;0.918716;0.646002;0.165734;0.031338
0.020616;0.844358;0.907339;0.116189;0.000000
0.100491;1.000000;0.449845;0.156622;0.000000
0.034458;0.940064;0.876162;0.187797;0.062115
0.004528;1.000000;0.689639;0.179336;0.015813
0.024749;0.894564;0.878037;0.138514;0.003106
0.000000;1.000000;0.876564;0.130945;0.047161
0.107846;0.947801;0.385174;0.223630;0.050761
0.000000;0.909336;0.765838;0.128910;0.103025
0.000000;0.949656;0.867970;0.094930;0.041883
0.000000;0.932152;0.874664;0.168627;0.080180
0.142089;0.791578;0.978288;0.159171;0.052189
0.032344;0.973278;0.891267;0.141750;0.000000
0.007023;1.000000;0.784656;0.102797;0.075853
0.000000;0.982001;0.886055;0.123082;0.113296
0.073130;0.977779;0.433509;0.182926;0.051394
0.060258;0.909034;0.859889;0.188097;0.000000
0.149017;0.986977;0.251011;0.267609;0.035258
0.034445;0.931515;0.995957;0.174644;0.025276
0.017476;0.864288;0.344816;0.003403;0.023469
0.124376;0.863850;0.203792;0.000000;0.000000
0.094415;0.796832;0.178594;0.020466;0.000000
0.000000;0.795045;0.406362;0.183563;0.025703
0.046194;0.921643;0.035002;0.066772;0.000000
0.018774;0.530289;0.975247;0.185873;0.030047
0.030489;0.843512;0.412661;0.118457;0.038517
0.000000;0.970857;0.434907;0.062033;0.000149
0.000000;1.000000;0.080671;0.107629;0.025674
0.000000;0.769769;0.861976;0.132213;0.038959
0.016398;0.963560;0.823621;0.115513;0.000000
0.177261;0.967182;0.336646;0.235037;0.037955
0.037635;0.919947;0.922894;0.168660;0.000000
0.068857;1.000000;0.904780;0.072909;0.035479
0.090457;0.799955;0.996796;0.240258;0.090904
0.037957;0.804673;0.228278;0.112124;0.036400
0.040814;0.824472;0.343347;0.169807;0.046417
0.109902;0.871575;0.252639;0.006120;0.000923
0.085686;0.844550;0.224322;0.124871;0.028818
0.091090;0.833881;0.327598;0.022942;0.013951
0.067444;0.658605;0.956492;0.000000;0.000000
0.025556;0.837597;0.373690;0.103947;0.036896
0.000000;0.883425;0.137725;0.047229;0.023848
0.031964;0.877328;0.053560;0.033715;0.083765
0.221308;0.818781;0.000000;0.080670;0.000000
0.085128;0.859435;0.284276;0.031176;0.016076
0.122977;1.000000;0.724033;0.217443;0.059822
0.175100;0.993039;0.325383;0.192706;0.118387
0.070539;0.948248;0.754122;0.143836;0.028962
0.096058;0.877338;0.779545;0.174040;0.003190
0.000000;0.975333;0.826349;0.140904;0.000000
0.000000;0.991712;0.130260;0.000000;0.039085
0.124535;0.937923;0.019316;0.089071;0.056498
0.011934;0.959933;0.185566;0.008071;0.026149
0.022298;0.976521;0.067707;0.007277;0.021424
0.056100;0.865654;0.321335;0.056198;0.011245
0.000000;0.986283;0.878794;0.075491;0.000000
0.133576;1.000000;0.413960;0.233531;0.078345
0.095906;1.000000;0.171110;0.036988;0.000000
0.000000;0.776414;0.917849;0.140595;0.000000
0.106127;0.969495;0.413331;0.170284;0.058061
0.118622;0.889532;0.131016;0.169767;0.000000
0.044081;0.910813;0.351738;0.225139;0.135678
0.000000;0.861775;0.304154;0.109011;0.029175
