0.004205;1.000000;0.760239;0.142494;0.000000
0.025721;0.950529;0.882778;0.152702;0.025312
0.005487;0.982605;0.721426;0.184003;0.028336
0.004227;0.907674;0.892871;0.102916;0.024010
0.050816;0.862257;0.362394;0.133822;0.037484
0.038809;0.996687;0.763345;0.131557;0.016894
0.037760;0.934114;0.938815;0.143698;0.000000
0.083222;0.959457;0.792417;0.139539;0.018674
0.099878;1.000000;0.720415;0.204340;0.051900
0.088996;1.000000;0.631781;0.170340;0.028692
0.075488;0.869358;0.883511;0.155161;0.034166
0.000000;0.995436;0.870531;0.149987;0.000000
0.019647;0.918686;0.876886;0.143643;0.085208
0.002221;0.980062;0.854635;0.107183;0.038857
0.000000;0.929444;0.929194;0.134415;0.037847
0.035397;0.994982;0.673603;0.144921;0.052557
0.086418;0.890083;0.960661;0.183758;0.025229
0.065688;0.921035;0.914670;0.191562;0.066018
0.005543;0.933154;0.959531;0.128436;0.015780
0.063112;0.967896;0.630975;0.183152;0.057140
0.063544;0.952231;0.794125;0.121121;0.046624
0.055954;0.868022;0.890435;0.173853;0.031822
0.032410;0.956264;0.827097;0.133533;0.039301
0.041603;0.873982;0.749266;0.093332;0.060673
0.000000;0.965882;0.231151;0.131324;0.000000
0.092955;0.932330;0.551179;0.205412;0.000000
0.027186;0.872223;0.362557;0.141200;0.000000
0.036906;0.968134;0.653142;0.188695;0.020181
0.020384;0.962207;0.646572;0.147359;0.020842
0.015060;0.872148;0.868509;0.133873;0.046236
0.001318;0.970550;0.843583;0.142028;0.003964
0.002661;0.881999;0.925836;0.166883;0.000000
0.010199;0.958871;0.872789;0.137966;0.028937
0.035756;0.961049;0.723277;0.181365;0.004807
0.188475;0.983048;0.195556;0.275546;0.035625
0.000000;0.982250;0.945114;0.130741;0.000000
0.032348;0.811419;0.336001;0.122746;0.002493
0.034536;0.850745;0.852930;0.112769;0.021018
0.051477;0.882802;0.370563;0.147943;0.019784
0.142272;0.972120;0.463490;0.275670;0.000000
0.040330;0.957968;0.971059;0.154394;0.075935
0.026910;0.975723;0.825473;0.156861;0.089989
0.057168;0.998997;0.876475;0.166422;0.079511
0.088467;1.000000;0.687842;0.197660;0.010475
0.140648;1.000000;0.686487;0.198171;0.000000
0.013385;0.859132;0.419276;0.144978;0.032187
0.152231;0.912485;0.609401;0.226132;0.074756
0.000000;0.967444;0.938128;0.125601;0.009349
0.119411;0.946237;0.656229;0.193853;0.021349
0.069506;0.993330;0.723698;0.174206;0.047016
0.092257;0.984723;0.698273;0.166926;0.003609
0.111655;0.911112;0.878854;0.184555;0.064748
0.012036;0.957008;0.912916;0.146742;0.075157
0.040767;0.938920;0.838090;0.146337;0.000000
0.000000;0.948228;0.952478;0.138016;0.021157
0.000000;0.987096;0.953121;0.108394;0.018883
0.022241;0.959636;0.815228;0.111568;0.046753
0.062453;1.000000;0.773097;0.161239;0.000000
0.122591;0.976359;0.467481;0.212748;0.004212
0.000000;0.982659;0.909644;0.136908;0.047830
0.206632;0.978287;0.340867;0.291167;0.000000
0.026573;0.970561;0.786626;0.114364;0.001676
0.115619;0.918886;0.568507;0.197763;0.069886
0.036299;0.958018;0.815028;0.172553;0.078608
0.072307;0.996911;0.646254;0.189280;0.025479
0.143872;0.953226;0.520116;0.202184;0.022801
0.013142;0.936079;0.922883;0.086784;0.083832
0.007689;0.965259;0.904279;0.124131;0.123848
0.000000;1.000000;0.983034;0.088345;0.027888
0.125281;0.943646;0.675009;0.230707;0.040544
0.055551;0.935688;0.942087;0.115376;0.036306
0.003105;0.966783;0.733261;0.150046;0.030748
0.054495;0.932326;0.738105;0.156585;0.015850
0.000000;0.916747;0.929900;0.141677;0.020927
0.110570;0.936776;0.658107;0.202810;0.037954
0.027460;0.916797;0.726876;0.174726;0.000000
0.067987;0.980234;0.631246;0.211653;0.003173
0.053260;0.922915;0.758964;0.131796;0.028711
0.017731;0.897296;0.759461;0.137748;0.074127
0.105762;0.887673;0.647030;0.178116;0.003799
0.096877;0.947153;0.611013;0.158847;0.000000
0.033380;0.977167;0.753580;0.154682;0.000000
0.199646;1.000000;0.208686;0.263394;0.023329
0.024040;0.950119;0.719207;0.129969;0.037381
0.009815;0.973782;0.907234;0.173010;0.027241
0.037923;0.973705;0.742620;0.186869;0.000000
0.033626;0.951408;0.896518;0.157362;0.000000
0.052466;0.884102;0.905680;0.182166;0.000000
0.017395;0.976327;0.936269;0.130227;0.026237
0.016037;0.980450;0.954254;0.108087;0.019855
0.009486;0.890852;0.923021;0.109372;0.048183
0.029181;0.899294;0.964514;0.146396;0.013567
0.006468;0.974910;0.716106;0.144373;0.031149
0.032474;0.948076;0.700422;0.150488;0.000000
0.007701;0.880140;0.849384;0.113456;0.111869
0.058616;0.961085;0.802070;0.195873;0.045687
0.186445;1.000000;0.323714;0.273105;0.007311
0.125976;0.946679;0.621931;0.225467;0.087479
0.000000;0.836798;0.558579;0.124149;0.000000
0.015246;0.838618;0.329167;0.113557;0.040988
