0.047191;0.970762;0.761532;0.177329;0.025557
0.056610;0.974322;0.741591;0.173794;0.009895
0.060491;0.992469;0.761555;0.149373;0.010273
0.040920;0.987825;0.760230;0.140681;0.030820
0.094055;1.000000;0.587908;0.199917;0.000000
0.129906;0.985479;0.618419;0.204158;0.006899
0.065906;0.975527;0.724676;0.155536;0.041678
0.047157;0.986377;0.767942;0.159681;0.027541
0.065784;0.929080;0.811633;0.146530;0.031993
0.040290;1.000000;0.687899;0.157462;0.019498
0.006370;1.000000;0.930642;0.111225;0.031205
0.070360;0.992399;0.719435;0.166728;0.063542
0.066855;0.897350;0.951546;0.170820;0.010642
0.067262;1.000000;0.729914;0.182865;0.024654
0.067480;0.970364;0.770592;0.164936;0.000000
0.065653;0.874833;0.957171;0.162790;0.000000
0.081719;0.985594;0.968201;0.155544;0.023756
0.067786;1.000000;0.739611;0.174540;0.018985
0.092170;0.964631;0.673299;0.172921;0.060147
0.118894;0.975839;0.684190;0.197537;0.000000
0.055333;0.907232;0.943253;0.132097;0.000000
0.029624;0.979114;0.749602;0.166110;0.000000
0.044693;0.905784;0.934249;0.158116;0.009957
0.000000;0.982596;0.695337;0.125923;0.014387
0.053655;0.889257;0.959170;0.180518;0.010770
0.132836;0.965086;0.604095;0.230403;0.000000
0.026407;0.999673;0.635429;0.153208;0.052824
0.019492;0.983888;0.714028;0.150432;0.046388
0.028691;0.952177;0.794159;0.134732;0.019803
0.084893;0.953127;0.685227;0.210573;0.002217
0.037301;0.966083;0.783093;0.144949;0.010037
0.036632;0.962320;0.758595;0.126365;0.030696
0.043471;0.982568;0.661065;0.142057;0.010848
0.074429;0.949020;0.710328;0.183866;0.020157
0.014280;0.988431;0.944131;0.104438;0.024708
0.051513;0.980613;0.699684;0.148597;0.000000
0.038560;0.927149;0.943159;0.144555;0.024017
0.039820;1.000000;0.746318;0.157117;0.006496
0.039403;0.984859;0.776563;0.140410;0.005173
0.028295;1.000000;0.711368;0.152031;0.039789
0.028630;0.984529;0.568096;0.185608;0.024592
0.009652;0.966462;0.790905;0.124155;0.042811
0.031375;0.984205;0.641265;0.158503;0.065142
0.027084;0.968176;0.796133;0.133871;0.021690
0.080157;0.993189;0.594145;0.214522;0.022251
0.043595;0.938049;0.746722;0.132642;0.034897
0.022503;0.983364;0.780584;0.161026;0.023479
0.007872;0.975411;0.718723;0.127259;0.064522
0.023235;0.981935;0.723204;0.148887;0.014109
0.014518;0.987992;0.670029;0.150783;0.026209
0.075458;0.986137;0.703918;0.168409;0.012689
0.012625;1.000000;0.646463;0.195633;0.005682
0.047088;0.965672;0.735112;0.132398;0.000000
0.013264;0.985298;0.708813;0.159201;0.000000
0.036472;0.973375;0.747093;0.141914;0.022806
0.048806;0.978534;0.690441;0.162827;0.018425
0.051303;0.932141;0.704629;0.190801;0.003118
0.044656;0.988602;0.719612;0.180983;0.036676
0.020763;1.000000;0.621754;0.130206;0.050387
0.026871;0.946018;0.777143;0.154820;0.000000
0.008109;0.974600;0.687187;0.117015;0.036418
0.007712;0.926870;0.949298;0.144545;0.005069
0.046548;0.982911;0.630973;0.140853;0.040916
0.066007;0.971001;0.698627;0.189334;0.000113
0.000000;0.976293;0.662891;0.122602;0.089108
0.000000;0.995612;0.679027;0.111924;0.000000
0.024146;0.954013;0.687746;0.150981;0.000987
0.064594;0.902920;0.941153;0.184265;0.016422
0.003421;0.994283;0.732666;0.130199;0.016490
0.001301;0.992442;0.731443;0.120573;0.021404
0.011078;0.971015;0.759525;0.147022;0.010702
0.037114;0.984625;0.622982;0.142581;0.063983
0.012154;0.954997;0.762337;0.155207;0.033188
0.022975;0.995477;0.709696;0.158301;0.021102
0.025331;0.984917;0.628658;0.131664;0.015082
0.015188;0.988933;0.669702;0.164366;0.011746
0.011182;0.979830;0.741256;0.128430;0.004117
0.027608;0.944480;0.779862;0.162856;0.031559
0.082719;0.970960;0.707485;0.168911;0.034441
0.039214;1.000000;0.740952;0.152369;0.052166
0.051767;1.000000;0.684547;0.161975;0.027403
0.061512;0.956660;0.723972;0.155852;0.033760
0.060665;1.000000;0.691884;0.152883;0.041461
0.049367;1.000000;0.736218;0.151587;0.069750
0.129333;0.967263;0.602487;0.225239;0.000000
0.049031;0.978480;0.685449;0.169893;0.017268
0.036874;0.987841;0.744475;0.150592;0.000000
0.070132;0.900982;0.968919;0.155108;0.003504
0.043098;0.957292;0.640663;0.147153;0.055886
0.028733;0.948983;0.904347;0.133331;0.000936
0.011239;1.000000;0.710907;0.149302;0.028930
0.084018;0.957771;0.684001;0.193804;0.017730
0.014086;0.980807;0.686569;0.126874;0.051383
0.029128;0.998416;0.691537;0.153015;0.000000
0.039213;0.994883;0.796692;0.145185;0.036078
0.045335;0.999073;0.739247;0.135423;0.027158
0.033842;0.989276;0.780984;0.140476;0.000000
0.079450;0.983025;0.723732;0.176735;0.040284
0.062729;0.994865;0.739211;0.158922;0.033985
0.067671;0.981892;0.705163;0.141304;0.003284
