0.029414;0.989546;0.699644;0.153416;0.003439
0.018877;0.987247;0.696002;0.140047;0.050209
0.015265;0.992735;0.614006;0.162573;0.000000
0.037316;0.947296;0.690645;0.137643;0.049808
0.097826;0.982186;0.546704;0.218228;0.011720
0.113724;0.986448;0.560808;0.229406;0.048992
0.102629;1.000000;0.677962;0.211325;0.015759
0.119277;0.976828;0.697162;0.203970;0.019971
0.087504;1.000000;0.924927;0.181195;0.000000
0.131052;0.955894;0.623233;0.219833;0.027295
0.014139;0.915362;0.931544;0.140217;0.000000
0.067958;0.952292;0.717573;0.159857;0.003592
0.029416;0.982578;0.747520;0.160181;0.017638
0.056234;1.000000;0.715672;0.183751;0.049370
0.123709;0.952386;0.615157;0.230761;0.000000
0.098485;0.982643;0.655422;0.183983;0.006010
0.138272;0.982332;0.551721;0.206583;0.013288
0.081050;0.981217;0.678803;0.162298;0.028173
0.007190;0.969124;0.752841;0.136631;0.011066
0.066740;1.000000;0.667154;0.156764;0.020961
0.129371;0.995276;0.542215;0.189514;0.055707
0.014655;1.000000;0.738431;0.138229;0.004505
0.103623;0.985184;0.601913;0.210860;0.000000
0.034147;0.991846;0.941585;0.145672;0.033853
0.062498;0.977135;0.763451;0.161061;0.000000
0.072900;0.970607;0.685362;0.173284;0.050888
0.078468;0.955162;0.678387;0.159817;0.042624
0.038126;0.988594;0.624338;0.131622;0.052149
0.101338;1.000000;0.637758;0.202640;0.015267
0.044313;0.944755;0.923736;0.160565;0.000000
0.090160;0.971823;0.665750;0.199146;0.012607
0.077952;0.960971;0.739524;0.151230;0.000000
0.052793;0.997137;0.756603;0.136091;0.000000
0.042149;0.993820;0.755170;0.145224;0.000000
0.047416;0.944577;0.924515;0.119937;0.000000
0.044735;0.993892;0.708377;0.138008;0.006271
0.016496;0.999650;0.729945;0.118653;0.033302
0.036223;0.996747;0.699293;0.156591;0.037462
0.054104;0.938178;0.761390;0.145842;0.043398
0.103688;0.937710;0.679576;0.193927;0.000000
0.025613;1.000000;0.727825;0.162126;0.000000
0.073081;0.938383;0.924759;0.143020;0.000000
0.027194;0.990249;0.691432;0.144539;0.066072
0.046744;0.982152;0.643655;0.141675;0.039629
0.021751;1.000000;0.771025;0.126586;0.033573
0.002402;1.000000;0.682511;0.139454;0.000000
0.025869;0.985036;0.623867;0.164567;0.016146
0.057099;0.885362;0.937228;0.150856;0.005722
0.027294;0.991125;0.784308;0.139225;0.019267
0.021721;0.952037;0.751535;0.167480;0.030131
0.007937;0.979954;0.658636;0.171252;0.037928
0.033273;0.944659;0.774021;0.154134;0.022995
0.056657;0.972372;0.676286;0.185674;0.000000
0.031185;0.996717;0.721515;0.139259;0.002711
0.064719;0.859486;0.339613;0.173145;0.044362
0.032336;0.994863;0.757216;0.164223;0.000000
0.035924;0.958651;0.693053;0.159458;0.025113
0.006624;0.987773;0.760797;0.134392;0.010909
0.086919;0.988503;0.600121;0.190563;0.000000
0.033275;0.981119;0.940202;0.113723;0.011082
0.028902;0.942582;0.649962;0.139913;0.025253
0.041016;0.964248;0.625073;0.140466;0.030787
0.022243;1.000000;0.700566;0.152653;0.000665
0.038167;0.952529;0.745585;0.143110;0.000000
0.003605;0.942159;0.743523;0.143148;0.029334
0.047711;0.950202;0.753213;0.148284;0.000000
0.028904;0.944332;0.787117;0.166842;0.010663
0.056569;1.000000;0.640239;0.156165;0.000000
0.006174;0.998341;0.657723;0.165158;0.000372
0.044923;0.965658;0.717507;0.149156;0.019135
0.023433;0.981370;0.695206;0.144917;0.038761
0.012049;1.000000;0.622390;0.139392;0.018666
0.000000;0.975420;0.690483;0.118774;0.082000
0.000000;0.939872;0.906547;0.136489;0.025835
0.013251;0.999788;0.702355;0.137588;0.010652
0.038606;0.987131;0.629817;0.150891;0.037387
0.024573;0.984139;0.685315;0.156175;0.000000
0.030488;1.000000;0.588911;0.160156;0.022787
0.054383;0.890382;0.958479;0.148598;0.016899
0.012852;0.971245;0.738215;0.137047;0.000634
0.100961;0.960215;0.662064;0.175659;0.028020
0.040792;1.000000;0.756535;0.135237;0.035244
0.067511;0.985156;0.681816;0.164282;0.000000
0.083109;0.973192;0.727902;0.170207;0.001873
0.048546;0.971603;0.737637;0.138035;0.009305
0.083560;0.994501;0.657515;0.202736;0.032840
0.054678;0.982078;0.775951;0.173314;0.010091
0.054307;1.000000;0.781410;0.146679;0.000000
0.029543;0.975529;0.940341;0.112327;0.003567
0.000000;0.959647;0.695600;0.113591;0.000000
0.018391;0.980506;0.719661;0.124001;0.014296
0.034420;1.000000;0.730796;0.171943;0.016687
0.059246;0.993591;0.702341;0.155925;0.021925
0.079776;0.992354;0.674245;0.174617;0.002825
0.095648;0.977970;0.638069;0.230349;0.013054
0.072909;0.985047;0.712355;0.183757;0.005298
0.065003;0.989883;0.972281;0.164026;0.006450
0.106121;1.000000;0.643232;0.196796;0.019618
0.054765;0.956711;0.754207;0.167449;0.000000
0.096293;0.990308;0.708235;0.185977;0.039478
