0.029481;0.937062;0.796890;0.082641;0.000000
0.425406;0.722901;0.725470;0.081171;0.000000
0.082509;0.934615;0.706258;0.196238;0.000000
0.151018;0.889157;0.028361;0.036818;0.070041
0.099151;0.969205;0.240897;0.010130;0.030516
0.000000;0.871259;0.334685;0.132710;0.012903
0.181480;1.000000;0.205639;0.154553;0.116411
0.008024;0.884409;0.399466;0.000000;0.068256
0.581425;0.541461;0.301381;0.125788;0.047436
0.365546;0.794292;0.080179;0.137770;0.005816
0.063380;0.903656;0.493098;0.169432;0.195774
0.136812;0.837407;0.356227;0.075585;0.065658
0.147955;0.969556;0.137704;0.104825;0.000592
0.216399;0.728794;0.565147;0.002260;0.040293
0.060616;0.731553;0.912496;0.000000;0.060349
0.303926;0.777149;0.079287;0.058735;0.000870
0.075140;0.718792;0.851994;0.114221;0.125887
0.006627;0.937206;0.120516;0.100564;0.000000
0.347647;1.000000;0.024306;0.035390;0.155057
0.077547;0.784695;0.689961;0.253978;0.046603
0.064247;0.994963;0.443606;0.104777;0.179012
0.170422;0.975006;0.395987;0.273391;0.138465
0.362013;1.000000;0.254997;0.061227;0.000000
0.550801;0.925910;0.075774;0.000000;0.026528
0.369130;0.873958;0.475232;0.000000;0.085975
0.478744;0.808938;0.710918;0.023036;0.000000
0.435113;0.965034;0.057643;0.036978;0.000000
0.210225;0.918943;0.665101;0.000000;0.198258
0.000000;0.949050;0.562489;0.049402;0.334613
0.021447;0.926817;0.637519;0.250128;0.100139
0.193942;0.927497;0.021447;0.350179;0.310579
0.562875;0.651553;0.190665;0.083522;0.143499
0.073299;0.932503;0.195130;0.000000;0.462628
0.028673;0.890304;0.988415;0.222430;0.013533
0.481266;0.934765;0.073601;0.000000;0.000000
0.040364;0.999151;0.682860;0.173294;0.035303
0.000000;0.939637;0.977614;0.000000;0.015207
0.253829;0.982539;0.605608;0.008784;0.105465
0.081767;0.944588;0.000000;0.282855;0.247553
0.000000;1.000000;0.133543;0.157634;0.399861
0.282298;1.000000;0.043966;0.048667;0.040754
0.168762;0.808366;0.064811;0.200695;0.231542
0.149067;0.821889;0.454271;0.164761;0.000000
0.000000;0.847398;0.133513;0.128375;0.133764
0.167804;0.902902;0.051859;0.193612;0.077638
0.000000;0.791256;0.403933;0.186404;0.051061
0.525718;0.594824;0.061123;0.037800;0.084082
0.136605;0.886113;0.346786;0.000000;0.038708
0.120980;0.608830;0.934153;0.088653;0.049449
0.000000;1.000000;0.240479;0.058941;0.076848
0.000000;0.973215;0.084318;0.000000;0.000000
0.056017;0.806691;0.217913;0.071630;0.003266
0.000000;0.915645;0.000000;0.160395;0.080688
0.054793;1.000000;0.197024;0.006894;0.000000
0.674113;0.591563;0.079935;0.100790;0.074258
0.113472;0.928076;0.887934;0.214465;0.095626
0.300430;0.875328;0.415421;0.383184;0.069556
0.111509;0.964091;0.909680;0.168713;0.001650
0.038245;0.805479;0.938967;0.040523;0.064289
0.315848;0.925393;0.000000;0.058524;0.000000
0.176196;0.798410;0.924301;0.071023;0.007924
0.027813;0.869337;0.505295;0.195653;0.000000
0.000000;0.636826;0.979622;0.139452;0.018137
0.216619;1.000000;0.633382;0.073981;0.252357
0.039773;1.000000;0.000000;0.166126;0.106422
0.000000;1.000000;0.767305;0.002087;0.069111
0.007895;0.887459;0.914095;0.063477;0.012747
0.060080;0.966839;0.324817;0.022020;0.039635
0.139281;0.739443;0.927881;0.060046;0.005547
0.000000;0.967968;0.208312;0.107148;0.096333
0.490072;0.929433;0.064578;0.144544;0.109667
0.187760;0.954631;0.699338;0.254981;0.000000
0.386386;1.000000;0.152361;0.000000;0.154769
0.113078;0.950144;0.176882;0.264111;0.297299
0.050573;0.947765;0.996910;0.160559;0.069541
0.281215;0.756598;0.812694;0.000000;0.128589
0.193745;0.921817;0.235943;0.275465;0.024509
0.215582;0.901990;0.093511;0.000000;0.000000
0.177011;0.765869;1.000000;0.026529;0.000000
0.212208;0.943855;0.172616;0.000000;0.000000
0.635451;0.931103;0.141018;0.019144;0.036677
0.081533;0.796602;0.380857;0.035705;0.000000
0.037128;0.857551;0.302918;0.000000;0.000000
0.047057;0.960135;0.000000;0.243966;0.043083
0.000000;0.724548;0.997180;0.112562;0.068250
0.000000;0.793783;0.484723;0.010258;0.150304
0.159817;0.946449;0.000000;0.014363;0.016775
0.119232;0.981597;0.973278;0.080475;0.000000
0.199284;0.988215;0.675822;0.419586;0.000000
0.392069;0.929924;0.236637;0.003032;0.099340
0.470169;0.988671;0.018262;0.063030;0.041963
0.029061;0.941858;0.514373;0.187012;0.038244
0.000794;1.000000;0.979069;0.000000;0.000000
0.153558;0.764290;0.306321;0.188131;0.248018
0.366374;0.934196;0.071207;0.000000;0.009414
0.335528;0.888135;0.369625;0.077296;0.000000
0.030829;1.000000;0.624338;0.117721;0.000000
0.572223;0.595080;0.725173;0.061350;0.000000
0.105187;1.000000;0.086825;0.000000;0.207443
0.291034;0.834545;0.092752;0.064447;0.108211
