3;0.061142;0.845711;0.564550;0.084300;0.000000
3;0.190713;0.716309;0.447835;0.000000;0.000000
3;0.398613;0.685262;0.111475;0.082955;0.021812
3;0.000000;0.944353;0.466780;0.144710;0.000000
3;0.035324;0.857059;0.633894;0.000558;0.009948
3;0.000000;0.894342;0.529123;0.084247;0.000000
3;0.074828;0.983844;0.393224;0.208156;0.000000
3;0.232408;0.784726;0.449182;0.001051;0.047784
2;0.071489;1.000000;0.553795;0.219367;0.016364
2;0.423928;0.766178;0.139734;0.000000;0.000000
2;0.476375;0.613105;0.002120;0.232808;0.039083
2;0.073802;0.756175;0.126535;0.194109;0.074381
2;0.030450;0.948275;0.255265;0.131236;0.075231
2;0.008291;1.000000;0.363616;0.000000;0.161355
2;0.355807;0.843565;0.532162;0.000000;0.045118
2;0.025260;0.813799;0.699896;0.090907;0.000000
2;0.444479;0.610024;0.036615;0.051440;0.069952
2;0.102873;0.897367;0.594911;0.000000;0.131182
2;0.318495;0.739198;0.160916;0.118051;0.049989
2;0.000000;0.643833;0.891422;0.066620;0.098926
2;0.045312;0.900014;0.075342;0.116828;0.068550
2;0.180997;0.789124;0.451158;0.009272;0.088222
2;0.014270;0.983206;0.305941;0.035861;0.011207
2;0.052232;0.920901;0.206711;0.170450;0.056844
2;0.210136;0.726909;0.014461;0.045961;0.240063
2;0.065782;0.889530;0.325376;0.207461;0.020463
2;0.221039;0.664056;0.415684;0.071696;0.122208
2;0.201629;0.775125;0.621747;0.086326;0.001032
2;0.085966;0.845853;0.444093;0.011287;0.023871
2;0.103546;0.852420;0.632126;0.000000;0.074301
2;0.000000;1.000000;0.000000;0.138925;0.050275
1;0.315033;0.702489;0.056799;0.108538;0.000000
1;0.000000;1.000000;0.539123;0.103168;0.027934
1;0.000000;0.928828;0.295431;0.015638;0.109645
1;0.028384;0.688961;0.918183;0.021898;0.097093
1;0.008276;0.854803;0.677659;0.071886;0.056642
1;0.047494;0.761260;0.909704;0.064795;0.036818
1;0.086257;0.942691;0.007114;0.332241;0.085843
1;0.194747;0.782403;0.669665;0.035845;0.000000
1;0.026692;0.773562;0.823519;0.000000;0.042220
1;0.009586;0.859166;0.593201;0.195012;0.064427
1;0.541272;0.451222;0.075658;0.208409;0.053060
1;0.066122;0.792068;0.436008;0.109633;0.003771
1;0.000000;0.928794;0.177553;0.077435;0.080596
1;0.272417;0.837508;0.209841;0.044667;0.071950
1;0.165993;0.924901;0.111739;0.000000;0.015891
1;0.024311;0.789423;0.038324;0.192973;0.102862
1;0.000000;0.625722;0.866056;0.042498;0.157552
1;0.199736;0.720289;0.472391;0.059168;0.040149
1;0.032501;0.961168;0.032331;0.055599;0.271159
1;0.196242;0.801496;0.644929;0.075069;0.000000
1;0.045485;0.916152;0.430754;0.081670;0.038534
1;0.052101;0.986799;0.037338;0.076422;0.120610
1;0.402417;0.611925;0.000000;0.241826;0.071816
1;0.226283;0.720407;0.470883;0.057019;0.039199
1;0.180766;0.696847;0.000000;0.087131;0.288352
1;0.231388;0.826423;0.156584;0.004432;0.004966
1;0.201360;0.815403;0.292572;0.127527;0.000000
1;0.090442;0.891991;0.103046;0.000000;0.000000
1;0.034049;0.839227;0.582377;0.000000;0.095747
1;0.029297;1.000000;0.697407;0.017920;0.008221
1;0.000000;0.949363;0.528668;0.062675;0.033877
1;0.444098;0.754471;0.569557;0.024192;0.023651
1;0.179169;0.891194;0.201531;0.115448;0.016457
1;0.080343;0.806590;0.703524;0.000000;0.000000
1;0.245435;0.883303;0.265421;0.000000;0.000000
1;0.015267;1.000000;0.561777;0.147862;0.084496
1;0.281396;0.705379;0.146685;0.055963;0.178000
1;0.438489;0.480509;0.153387;0.247746;0.017817
1;0.094837;0.899116;0.360015;0.000000;0.026534
1;0.116599;0.911725;0.568331;0.000000;0.020804
1;0.005374;0.845330;0.543740;0.123041;0.064450
1;0.181478;0.993028;0.122752;0.088025;0.000068
1;0.357070;0.716312;0.034619;0.078032;0.093446
1;0.262593;0.821075;0.330513;0.029210;0.000000
1;0.010612;0.947246;0.366107;0.048129;0.040065
1;0.091635;0.855443;0.108664;0.000000;0.000000
1;0.057039;0.974982;0.334650;0.205558;0.000000
1;0.009346;0.736981;0.801184;0.098269;0.191898
1;0.005920;0.931809;0.000000;0.000000;0.219963
1;0.175713;0.793780;0.212850;0.122403;0.078496
1;0.352531;0.838463;0.120394;0.000000;0.143204
1;0.071468;0.905083;0.550145;0.024817;0.000000
1;0.000000;0.963738;0.194523;0.197897;0.000000
1;0.220960;0.814416;0.238251;0.026466;0.045227
1;0.066463;0.911081;0.630731;0.000000;0.001000
1;0.000000;0.925218;0.251738;0.188756;0.032048
1;0.078326;0.731322;0.727177;0.068776;0.158981
1;0.189710;0.851301;0.644977;0.000000;0.000000
1;0.006786;0.652223;0.790494;0.077401;0.230788
1;0.000000;0.996276;0.533458;0.069825;0.000000
1;0.000000;0.952578;0.339481;0.043258;0.082297
1;0.260890;0.804997;0.173862;0.000000;0.033902
1;0.021894;0.854943;0.544375;0.104165;0.033640
1;0.000000;0.995561;0.509512;0.163065;0.021289
1;0.385696;0.692290;0.209933;0.027385;0.064078
1;0.104382;0.807434;0.879587;0.178612;0.065685
1;0.569719;0.474446;0.114164;0.231332;0.047628
1;0.288411;0.763300;0.098136;0.000000;0.174413
1;0.145738;0.765037;0.209498;0.156337;0.037175
1;0.402860;0.810205;0.061471;0.000000;0.131217
1;0.460780;0.614490;0.028665;0.178001;0.015345
1;0.513601;0.511707;0.222221;0.245067;0.000000
1;0.098184;1.000000;0.305074;0.063291;0.069921
1;0.042208;0.778096;0.821187;0.010123;0.015108
1;0.000000;0.999308;0.160844;0.178978;0.032447
1;0.206259;0.798896;0.253348;0.012994;0.070897
1;0.190043;0.807029;0.297290;0.047639;0.025828
1;0.291298;0.770055;0.058946;0.064572;0.116071
1;0.235441;0.799968;0.360016;0.100506;0.023779
1;0.046752;0.914515;0.409905;0.058040;0.031242
1;0.000000;0.994352;0.602465;0.010267;0.045450
1;0.053462;0.805139;0.729658;0.147058;0.234155
1;0.077478;0.815392;0.665060;0.000000;0.000000
1;0.249652;0.826138;0.258627;0.055037;0.000000
1;0.379139;0.693836;0.172744;0.051287;0.016107
1;0.082205;0.991790;0.298835;0.039439;0.072614
1;0.145838;0.786157;0.682507;0.023337;0.000000
1;0.000000;0.821986;0.521001;0.131359;0.074904
1;0.192056;0.780867;0.513565;0.000000;0.000000
1;0.183041;0.744013;0.462207;0.078588;0.027581
1;0.337122;0.735597;0.099080;0.010613;0.026576
1;0.007512;0.805059;0.898347;0.000000;0.110380
1;0.008037;0.900614;0.621938;0.045004;0.069209
1;0.537255;0.547402;0.000940;0.208139;0.081138
1;0.109867;0.836814;0.047968;0.000000;0.054662
1;0.473572;0.606816;0.030097;0.140125;0.000000
1;0.237567;0.811965;0.645790;0.040259;0.000000
1;0.000000;0.977455;0.359687;0.136978;0.000000
1;0.093322;0.992550;0.030747;0.081244;0.176277
1;0.144584;0.927219;0.238862;0.088917;0.067378
1;0.004007;1.000000;0.271731;0.169773;0.000000
1;0.042328;0.910526;0.682078;0.099757;0.007363
1;0.000000;1.000000;0.462069;0.017978;0.000000
1;0.610290;0.462634;0.144124;0.213159;0.000000
1;0.000000;0.988014;0.035451;0.056180;0.000000
1;0.127556;0.792966;0.539412;0.000000;0.000000
1;0.148463;0.948262;0.116038;0.038714;0.040770
1;0.364678;0.682119;0.099478;0.000000;0.000000
1;0.144148;0.997506;0.620592;0.056571;0.012742
1;0.173999;0.843653;0.147528;0.000000;0.069233
1;0.013928;0.997312;0.279273;0.190438;0.037635
1;0.023203;1.000000;0.522091;0.147584;0.045826
1;0.000000;0.821933;0.668499;0.061083;0.040183
1;0.389655;0.582197;0.119495;0.044195;0.048539
1;0.000000;0.791177;0.943681;0.012385;0.008725
1;0.192810;0.764064;0.644405;0.035527;0.000000
1;0.065923;1.000000;0.078709;0.096937;0.091158
1;0.423281;0.589649;0.132559;0.051499;0.152401
1;0.389269;0.646105;0.024046;0.000000;0.049415
1;0.243097;0.827990;0.231506;0.000000;0.000518
1;0.027464;1.000000;0.374784;0.063446;0.000000
1;0.025323;0.923178;0.048093;0.057364;0.102362
1;0.062780;0.836520;0.405081;0.080045;0.000000
1;0.000000;0.996864;0.632655;0.050837;0.000000
1;0.079367;0.930635;0.593113;0.000000;0.000000
1;0.000000;0.976203;0.240390;0.178932;0.083186
1;0.050704;1.000000;0.615911;0.072565;0.027276
1;0.022360;0.886075;0.721267;0.000000;0.000000
1;0.365411;0.718463;0.196490;0.000000;0.000000
1;0.076009;0.957108;0.000000;0.091759;0.047570
1;0.000000;0.819469;0.668917;0.105337;0.051005
1;0.018627;1.000000;0.472121;0.062009;0.096092
1;0.603453;0.395284;0.109467;0.250717;0.063532
1;0.223058;0.765163;0.208718;0.107063;0.118937
1;0.086345;0.984135;0.060424;0.053216;0.077384
1;0.228511;0.772933;0.492843;0.000000;0.000000
1;0.227340;0.720832;0.461146;0.067160;0.000000
1;0.002959;0.878508;0.289198;0.173129;0.006911
1;0.000000;0.955975;0.402899;0.069707;0.092251
1;0.060169;0.770449;0.856820;0.095009;0.000000
1;0.010874;0.931799;0.349022;0.180981;0.016046
1;0.058509;0.881945;0.668259;0.024968;0.000000
1;0.298408;0.823510;0.507145;0.000000;0.000000
1;0.000000;1.000000;0.014469;0.114679;0.044259
1;0.249797;0.847984;0.606750;0.000000;0.000000
1;0.107150;0.919872;0.077655;0.282178;0.084633
1;0.123273;0.979642;0.041531;0.042862;0.084386
1;0.379650;0.833193;0.140671;0.000000;0.176751
1;0.029935;0.823339;0.523065;0.105171;0.008785
1;0.104842;0.538330;0.835546;0.057507;0.102221
1;0.055704;0.979465;0.036489;0.063730;0.042870
1;0.135537;0.902366;0.544036;0.007555;0.068589
1;0.342711;0.652004;0.073973;0.120460;0.104346
1;0.000000;0.997892;0.643041;0.000000;0.041807
1;0.093570;0.837909;0.446350;0.014598;0.053307
1;0.000000;0.970310;0.370712;0.217104;0.000000
1;0.213037;0.795091;0.626892;0.000000;0.030205
1;0.051440;0.893048;0.355993;0.042856;0.073484
1;0.098408;1.000000;0.000000;0.061596;0.181699
1;0.000000;0.880482;0.694583;0.000000;0.045405
1;0.000000;1.000000;0.547894;0.242127;0.036050
1;0.034628;0.884504;0.006047;0.042084;0.000000
1;0.408320;0.728400;0.204066;0.041729;0.007580
1;0.012415;0.869518;0.621620;0.130260;0.000000
1;0.050340;0.905700;0.421549;0.035792;0.033860
1;0.215749;0.814371;0.349003;0.037768;0.016274
1;0.146415;0.806810;0.672534;0.013874;0.055098
1;0.192342;0.811288;0.180772;0.053841;0.048602
1;0.120319;0.582357;0.820480;0.157564;0.125551
1;0.317086;0.753503;0.110959;0.000000;0.022630
1;0.005014;1.000000;0.357007;0.017258;0.038993
1;0.113073;0.948510;0.007359;0.000000;0.072549
1;0.038799;0.953016;0.428207;0.082919;0.000000
