0.054855;0.976956;0.943800;0.129736;0.000000
0.081490;0.998231;0.681159;0.214434;0.023914
0.090184;0.939622;0.917010;0.157770;0.001243
0.088677;0.993953;0.649433;0.241577;0.000000
0.097882;1.000000;0.697576;0.214576;0.011598
0.045882;0.952498;0.911866;0.146226;0.009857
0.086616;0.928194;0.908060;0.157804;0.027911
0.056203;1.000000;0.763653;0.149482;0.001962
0.077453;0.922940;0.788902;0.195178;0.000000
0.037812;0.886518;0.894199;0.180479;0.000563
0.023177;0.963320;0.709038;0.161309;0.000000
0.022293;0.891623;0.929518;0.157709;0.013300
0.081628;1.000000;0.757124;0.150835;0.000922
0.016151;0.990801;0.719433;0.150700;0.027677
0.034474;1.000000;0.703588;0.124611;0.022424
0.010737;0.981761;0.931796;0.110361;0.000000
0.033493;0.993676;0.763217;0.161466;0.017230
0.123260;0.970713;0.644867;0.207125;0.000000
0.013458;1.000000;0.936149;0.179407;0.019115
0.121014;0.991208;0.610555;0.177396;0.000000
0.062044;0.988914;0.964095;0.194272;0.012883
0.002721;0.982743;0.677296;0.152384;0.055708
0.022578;0.958284;0.720599;0.147235;0.017378
0.050151;0.993740;0.749928;0.148688;0.000000
0.056654;0.985902;0.756124;0.154674;0.012626
0.068164;0.984538;0.662862;0.172604;0.025184
0.023463;1.000000;0.618654;0.144616;0.040202
0.046121;0.953955;0.737280;0.132577;0.036955
0.009393;0.979751;0.615855;0.139946;0.003858
0.019992;0.995163;0.691310;0.165163;0.000000
0.105204;1.000000;0.660514;0.175779;0.000937
0.096379;0.968232;0.710117;0.238709;0.022304
0.000000;0.994455;0.884426;0.128026;0.079928
0.110544;0.988635;0.634210;0.215847;0.000000
0.027812;0.968823;0.731163;0.167686;0.021605
0.014151;0.958659;0.989852;0.137796;0.014266
0.107381;0.965400;0.561096;0.204763;0.007407
0.040816;0.990093;0.703156;0.175762;0.034006
0.029219;0.990603;0.726396;0.148096;0.004170
0.039419;0.917406;0.935318;0.151134;0.001391
0.076585;0.975724;0.650651;0.194521;0.002442
0.050921;1.000000;0.648625;0.210790;0.006581
0.067070;0.946960;0.772111;0.163792;0.039940
0.000000;0.999835;0.696513;0.135084;0.055723
0.083014;0.952155;0.898213;0.177015;0.000000
0.110197;0.966244;0.670403;0.209886;0.030880
0.014528;0.969483;0.842563;0.159301;0.024409
0.079685;0.983413;0.730953;0.203868;0.004389
0.028990;0.933612;0.969635;0.120669;0.038355
0.032546;1.000000;0.781576;0.126682;0.020684
0.044974;1.000000;0.624182;0.189245;0.013972
0.054760;1.000000;0.697788;0.158512;0.017809
0.000000;0.967836;0.914753;0.120512;0.037994
0.119208;0.959376;0.595453;0.213650;0.000000
0.022855;0.995832;0.731323;0.141710;0.052286
0.097242;0.983539;0.560517;0.217737;0.032021
0.040335;0.952308;0.755813;0.162777;0.000000
0.019183;1.000000;0.710644;0.177204;0.000000
0.077094;0.951118;0.707121;0.202374;0.000000
0.115928;0.964367;0.673987;0.184036;0.038222
0.098605;0.989474;0.648250;0.188398;0.027551
0.105518;0.991099;0.591319;0.191025;0.000000
0.121796;0.967349;0.492775;0.206311;0.065339
0.110267;0.938774;0.722531;0.229677;0.009569
0.099473;0.971937;0.602250;0.228814;0.026132
0.044470;0.980539;0.725302;0.180251;0.027315
0.098107;0.953720;0.713075;0.209647;0.046565
0.081084;0.999066;0.725238;0.159718;0.000000
0.101354;0.972401;0.607440;0.232243;0.009561
0.115247;0.991241;0.551328;0.212214;0.023861
0.082389;0.976207;0.740783;0.173444;0.008293
0.070413;0.846765;0.333845;0.173286;0.008306
0.081009;0.995608;0.684770;0.199361;0.000000
0.074598;0.991898;0.636553;0.170973;0.016831
0.056446;0.973198;0.695453;0.168088;0.039867
0.054286;1.000000;0.676636;0.191837;0.013703
0.081642;1.000000;0.608708;0.222557;0.005611
0.002958;0.988973;0.865215;0.121511;0.023891
0.056638;0.919362;0.625281;0.180724;0.079258
0.045324;0.996001;0.745425;0.160987;0.000000
0.050101;1.000000;0.712247;0.152387;0.000000
0.010765;0.986257;0.593120;0.123678;0.033233
0.042334;0.845827;0.321359;0.144142;0.019736
0.046147;0.974287;0.703175;0.168623;0.010385
0.065583;0.998051;0.676163;0.166520;0.046792
0.032500;0.937399;0.994676;0.112930;0.037822
0.034271;1.000000;0.658699;0.141512;0.000000
0.000000;1.000000;1.000000;0.095427;0.000000
0.095798;0.984606;0.729165;0.193846;0.000000
0.028007;0.917074;0.937367;0.135069;0.000000
0.036546;0.975334;0.720987;0.125344;0.027325
0.098591;0.959682;0.675570;0.151251;0.019145
0.065896;0.979715;0.688721;0.160976;0.005450
0.079366;1.000000;0.735710;0.153745;0.000000
0.078528;0.925482;0.748752;0.166082;0.073445
0.064813;0.998822;0.678652;0.196210;0.047634
0.059083;0.909570;0.687801;0.166874;0.022446
0.069618;0.993455;0.663256;0.174659;0.011733
0.121378;0.936974;0.638526;0.221198;0.034756
0.081555;0.984919;0.701086;0.200756;0.043174
