0.059719;0.944782;0.445757;0.131619;0.060790
0.076268;0.884885;0.468770;0.138967;0.000000
0.356437;0.909781;0.593842;0.015179;0.065436
0.000000;0.912291;0.630615;0.000000;0.000000
0.073877;1.000000;0.418346;0.134200;0.152602
0.189975;0.831384;0.474977;0.000000;0.076290
0.000000;0.784972;0.849279;0.123656;0.060451
0.070301;0.976740;0.000000;0.000000;0.156742
0.392549;0.924683;0.131534;0.041622;0.121382
0.142114;0.778726;0.322402;0.121828;0.108798
0.199954;0.766806;0.641412;0.023741;0.000000
0.051756;1.000000;0.420730;0.214439;0.051154
0.306012;0.704459;0.609909;0.165185;0.000000
0.054618;0.992803;0.170489;0.128653;0.092031
0.000000;1.000000;0.021933;0.000000;0.000000
0.299601;0.758933;0.164598;0.057786;0.116669
0.246865;0.801696;0.642327;0.040028;0.000000
0.059871;0.909167;0.460304;0.087500;0.000000
0.318662;0.807735;0.342870;0.096604;0.025425
0.382480;0.873038;0.174628;0.000000;0.025829
0.000000;0.523217;0.947091;0.098609;0.300510
0.180974;0.893232;0.061045;0.211914;0.087095
0.236089;0.768706;0.652374;0.037736;0.024090
0.039139;0.904303;0.325678;0.033218;0.045889
0.094256;1.000000;0.000000;0.086809;0.189460
0.087647;0.936539;0.057126;0.086877;0.069781
0.039423;0.998742;0.500773;0.055232;0.003813
0.170201;0.673674;0.286944;0.078726;0.135216
0.119430;0.976498;0.605521;0.063500;0.098751
0.386796;0.658651;0.166008;0.000000;0.006435
0.210573;0.872964;0.259664;0.000000;0.000000
0.000000;0.795344;0.805506;0.000000;0.216028
0.150064;0.889745;0.192667;0.102239;0.000000
0.421411;0.695570;0.108013;0.086943;0.052007
0.000000;0.832327;0.525884;0.159283;0.051872
0.335067;0.906877;0.703336;0.054635;0.139110
0.115331;0.738067;0.127635;0.190869;0.025764
0.411819;0.888160;0.172858;0.000000;0.051709
0.116672;0.844912;0.601841;0.055282;0.000000
0.501306;0.529575;0.083955;0.263471;0.000000
0.001394;1.000000;0.330475;0.221647;0.000000
0.890438;0.213121;0.935226;0.177420;0.004153
0.044365;0.694240;0.058318;0.201616;0.087517
0.217237;0.571564;0.005290;0.215303;0.035160
0.046046;0.956419;0.000000;0.032647;0.169335
0.022608;0.826024;1.000000;0.033516;0.116587
0.243699;0.880923;0.069460;0.037194;0.012639
0.392689;0.752120;0.539173;0.000000;0.044126
0.028888;0.826055;0.114160;0.199590;0.000000
0.245595;0.691040;0.021196;0.072322;0.240925
0.000000;0.676319;0.836323;0.050605;0.163719
0.024478;1.000000;0.039059;0.141236;0.085780
0.056382;1.000000;0.000000;0.040281;0.031784
0.011045;0.908184;0.647368;0.046183;0.000000
0.761519;0.451443;0.675539;0.000000;0.000000
0.000000;1.000000;0.364325;0.186141;0.086912
0.085465;0.901447;0.511767;0.003597;0.130371
0.021622;0.987150;0.586948;0.162861;0.019439
0.000000;0.963329;0.695475;0.010002;0.020426
0.052319;1.000000;0.121508;0.147989;0.134243
0.062831;0.718672;0.405762;0.124657;0.039564
0.165869;0.889573;0.071960;0.077199;0.040808
0.060354;0.637216;0.712996;0.080883;0.144946
0.409599;0.891744;0.170206;0.060316;0.077706
0.038377;0.950644;0.495278;0.060658;0.019784
0.474711;0.653829;0.066644;0.172899;0.046715
0.000426;0.907259;0.385603;0.080556;0.000000
0.126533;0.700443;0.251412;0.000000;0.166982
0.053109;0.991547;0.291059;0.185810;0.061372
0.021312;0.922412;0.075021;0.226232;0.098719
0.211024;0.724118;0.421540;0.080575;0.000000
0.201989;0.670358;0.011620;0.083118;0.191489
0.183771;0.789218;0.280984;0.125122;0.093525
0.140336;0.773782;0.092943;0.188716;0.100733
0.258390;0.550385;0.694449;0.011014;0.097668
0.000000;0.841003;0.783534;0.233809;0.011463
0.239236;0.763365;0.853823;0.000000;0.038222
0.323740;0.721232;0.085169;0.023658;0.000000
0.071220;1.000000;0.468586;0.012356;0.000000
0.439317;0.687496;0.065218;0.091478;0.032269
0.465412;0.514556;0.071465;0.195472;0.000000
0.155559;0.894734;0.400850;0.002733;0.067846
0.176179;0.683627;0.344574;0.031520;0.065481
0.022193;1.000000;0.231929;0.007965;0.047964
0.167421;0.782407;0.292906;0.130218;0.132553
0.017008;0.883039;0.046048;0.000000;0.207845
0.393416;0.529284;0.062222;0.072181;0.198909
0.153472;0.875101;0.589965;0.054893;0.036784
0.188204;0.839719;0.635074;0.031101;0.000000
0.142742;0.979570;0.087179;0.191007;0.061959
0.123527;0.553411;0.949213;0.038401;0.110535
0.046334;0.629202;0.797069;0.014982;0.192387
0.439469;0.603566;0.134031;0.183591;0.000000
0.221175;0.787135;0.614050;0.079481;0.014615
0.431961;0.711646;0.110790;0.086708;0.000000
0.053741;0.499145;0.924120;0.048363;0.252876
0.054535;0.692301;0.731128;0.017087;0.132798
0.022327;0.732868;0.934551;0.024682;0.024092
0.106727;0.836026;0.388119;0.134735;0.000690
0.325245;0.673073;0.015403;0.000000;0.206410
