0.838766;0.451014;0.298555;0.000000;0.090831
0.325093;0.873105;0.034547;0.000000;0.306246
0.086203;1.000000;0.588832;0.118987;0.000000
0.165092;0.849146;0.532080;0.000000;0.092126
0.350822;1.000000;0.019188;0.044888;0.000000
0.063828;0.956275;0.364504;0.015207;0.226096
0.511323;0.786912;0.000297;0.095712;0.086772
0.835966;0.433035;0.433201;0.081613;0.128124
0.000000;0.699248;0.753661;0.207114;0.267643
0.044895;0.977080;0.600187;0.198063;0.002541
0.795827;0.171248;0.556323;0.127946;0.147668
0.681122;0.799660;0.134594;0.121389;0.000000
1.000000;0.005957;0.353176;0.000000;0.316383
0.257500;0.981258;0.000000;0.055271;0.210176
1.000000;0.547219;0.065369;0.020772;0.023205
0.000000;0.914480;0.421660;0.000000;0.076489
0.021219;1.000000;0.350365;0.281790;0.015857
0.729491;0.609020;0.000000;0.157523;0.034282
0.461790;0.262270;0.898515;0.071574;0.476417
0.068343;0.913343;0.047719;0.000000;0.100124
0.035939;0.979022;0.434580;0.116717;0.073791
1.000000;0.570411;0.127979;0.080328;0.015760
0.091905;0.928960;0.344576;0.000000;0.000000
0.019739;0.983231;0.137877;0.060791;0.007277
0.999828;0.131023;0.170550;0.279765;0.167454
0.116531;0.928980;0.604908;0.079547;0.062547
0.969083;0.436912;0.014403;0.158601;0.097159
0.666930;0.556181;0.179163;0.076890;0.000000
0.999268;0.588589;0.000000;0.065206;0.000000
0.514681;0.755264;0.309062;0.000000;0.041084
0.622919;0.634317;0.336840;0.000000;0.000000
0.147729;0.841251;0.057441;0.037627;0.091845
0.143122;0.746273;0.397366;0.094991;0.000000
0.121689;0.775744;0.059820;0.149348;0.152034
0.514882;0.555368;0.078882;0.210046;0.027978
0.459346;0.675262;0.193897;0.078885;0.025013
0.070003;0.931412;0.137865;0.132145;0.000000
0.988234;0.288798;0.011436;0.080141;0.001038
0.000000;0.866272;0.004810;0.017304;0.051295
0.977356;0.197641;0.000000;0.245843;0.178869
0.626921;0.139869;0.948395;0.076898;0.463799
0.929224;0.184269;0.349747;0.153507;0.248877
0.399242;0.816739;0.154851;0.049951;0.000000
0.369571;0.741450;0.885041;0.000000;0.025301
0.296277;0.775384;0.449243;0.092312;0.111741
1.000000;0.350365;0.073935;0.103909;0.116149
1.000000;0.645248;0.078851;0.000000;0.190226
1.000000;0.000000;0.278864;0.000000;0.379403
0.492659;0.934886;0.000000;0.120795;0.024784
0.240854;0.942686;0.278355;0.000000;0.020422
1.000000;0.249408;0.025729;0.034550;0.454106
0.409195;0.929875;0.128147;0.087349;0.013364
0.514234;0.906167;0.095555;0.191635;0.106052
0.637078;0.850628;0.163898;0.013575;0.042842
0.365452;0.958092;0.000000;0.000000;0.192869
0.960625;0.592018;0.062964;0.000000;0.000000
0.818673;0.516927;0.248736;0.002170;0.056709
0.413149;1.000000;0.205331;0.168325;0.004070
0.473007;0.935917;0.073974;0.037131;0.016178
0.399669;0.756959;0.077862;0.123195;0.059320
0.394847;0.905303;0.049031;0.000000;0.057464
0.426234;0.807391;0.062008;0.000000;0.042521
0.824708;0.595965;0.264350;0.000000;0.088888
0.256942;0.837526;0.252989;0.119980;0.122910
0.623976;0.962309;0.000000;0.256248;0.227603
0.000000;0.885896;1.000000;0.000000;0.003380
0.192730;0.733535;0.785612;0.000000;0.000000
1.000000;0.308085;0.045794;0.063811;0.038856
1.000000;0.267458;0.402253;0.065396;0.311584
0.455387;0.849305;0.209137;0.000000;0.016019
0.984122;0.708735;0.000000;0.097395;0.037888
0.446622;0.903049;0.184976;0.000000;0.000000
0.852492;0.419025;0.371193;0.000000;0.102921
0.607719;0.577109;0.311902;0.070060;0.091753
0.345128;1.000000;0.098262;0.000000;0.000000
0.410919;0.831904;0.018927;0.020132;0.194292
0.182272;0.900635;0.650893;0.086355;0.000000
0.944277;0.450781;0.423801;0.049032;0.195163
0.083905;0.925146;0.082327;0.000000;0.165301
0.171732;0.895420;0.902112;0.178274;0.165688
0.776366;0.790351;0.248123;0.172097;0.000000
0.000000;1.000000;0.705883;0.217792;0.176420
0.858000;0.561446;0.473229;0.043768;0.138336
0.522856;0.886568;0.159688;0.031672;0.091054
0.351408;0.852325;0.560970;0.000000;0.187072
0.248126;0.709795;0.202641;0.000000;0.180777
0.178558;0.715479;0.024387;0.138047;0.113041
0.000000;0.856644;0.199035;0.219785;0.009540
0.129040;1.000000;0.191028;0.062589;0.043960
0.357512;0.652805;0.000000;0.013614;0.069951
0.173317;0.731846;0.864429;0.000000;0.004728
0.525859;0.574391;0.023414;0.077033;0.033977
0.194497;0.913449;0.087659;0.062875;0.065436
0.033254;0.840230;0.368846;0.054221;0.000000
0.023683;1.000000;0.390663;0.030295;0.047670
0.041930;0.872306;0.431500;0.077456;0.058830
0.520567;0.644259;0.000000;0.059073;0.146239
0.701996;0.442941;0.158588;0.048231;0.123551
0.143127;0.663603;0.096337;0.449733;0.241747
0.147172;0.745890;0.464758;0.028805;0.031429
